01461. 0000000000 000000010000. 411

101001, 10000 0001010010 00100110 1 0100001011Ι 001001 10001101 01 10010-
01000001, 0011001 10101101011 0001010 11000000 00 0101010010 000100001-
0100 0101000οἰ 1 00100001; 010 001 000001100, 001011 1011 Κο0101000
01100 000 0000 00000010 100000 000010, lub 0000000000οο ja 0000010 00000
0000000 000000. 111000101010101001001 1 00000 10100000 100 0000001
00010001000011101010001010110. 11110101 100100 1011, 10 100110· 100011
101 0 0010110011 001000, 1 1000 00100000 0 0000 0 (10001001 00000,
010 0010100 00100 0 1000001 01010001. 20010011 001001 00000 10 10 000-
0001010010 00 00011000· 00001010 111000· 0001000οἱ0010 010 00010101 110
100000 1 (1010001000, 0001010000·οι 00100 0000000000 0110010 0101010 Κο0-
000010 00 10101 S. Wawrzynca; 0100000000, 01000100 010 00001 00-
01010000 0000010, 11100 001 1111000 00001010 0101100, 0101010 10110010-
00, 10101 1 000010οο0 11101100010110 00 0010, 10101 00010001. Gi 010
11000 000011000100001011 00 10101 000000100100100011000010, 0000100οο 010
00010100 00000010 100000 (1000110 j 1011010 0100100 0010, 010 00000 010 .
00000111, 0010100101 00101010 0100001011, 1110 00000 010001 1100101000
11000 0000010 010 01000111 00000 10 100000 00001100, 001 101010 010
1010 00001000 00 0100101000 00000, 11100, 000000010 10000 (1000110οο 00-
001010. 10100100 0 110101, 1010 (100101001θο0, 000000 81000010, 11001-
01000 1011 101 0100001000 ,10 (10101000 010100 000101001 i 00000 (100·
,0110 00 0100000010 00100000, 11100 001100 0000 1100011011 1001011010
,10 01000 0010101οῑ 0110 0010110 010 001001, 010 0 000000 10100100] 010-
,000000 0101 010 0101010001 100 0000100010 010 0000101001, 1010101001
,1000001000001001100100 1110001 00000 (10 0100010 10000 0000110οο
,1010 00 000010 010010100; 10 00100010 10010 01010100001100000 00100,
,0 0010 00 010 0010 0000000100 001001110, 10 01010 101 0000 0100-
010101οἔ .

· Ρο0000011 001100 1011 1100101000, 10 01010000 00110 10 00001
0000010101000110000100110010, 001010, 8100101000 001000000 00-
000010 Κο11011000, 101110 0 110100 0010100110οο 10100100 Ρο1-
011000, 01000010 100100011000, 1 100011000000 0100000οο, 1000-
0110 Κο0100011000, 00010 00001000010000000110 (10001101, 1 00οό-
0100ἰο 1000000 10 00100101 01000, 0 0100οο010 010 00001 00010100. 100001
001010 1011 1100101000, 010 1000000000 010 01000000110100, 001 0000000

1000010000· 0000101000000, 1110 00010010 10 01000 0000001001 00011110

0001010100· 00100000100000 01000010, 010 0000010100οο 00100001000000

0000010 ani 00000. Ζ 1010 0100 01000101010 100011000101011 1101011 0101

010101100010010, 0 Ρ1010 1011000 1010100 11011011101100- ’

00, 0 00010000 00110 1000000000 10000 8001010110, 000000110οο
0. mum 000. mo. nm 00

 

