lv

0100111 00100. 8101101091. 59.
0101010010 05. 111101.

D.

001110101οο 10111. 566.

00611669 1 (1010110010 ryc. pol. 430.

001001101101. 1 1010. 390. 451.

000111 syn 0011. Το100. 82.

0000111 100. 001. 252.

000111 1106901 Το01010010 309.

0001600011 ob. 6101110100.

0011111011 ob. 1010111 001100.

001100 herb. 011. 252. 291.

0011010100 (0006006100) 10564.

00010011 1061011106. 100191. 010011. 413. 422.

00011000 w. 575.

0109001 ob. 100.

0100110 10010 w. 561.

00100111. 35.

001001111. 35,

00501000 (0060011010) 01. 233. 284. 532.

0011011 6001001011 (6101010011, 0000100011110011.
8011. 319. 480. 566.

00110101100111001011.

0061011001 1110110 1 1111101010 10011. 1101010. 00-

. 1110101101. 304. 549. 550. 565. 586. 597.

0011100100 wojew. 80011001. 355.

00111001ον1 1 1101010101 1. 110101100οο 10011101.’
1100001. 312. 519. 522. 599. 648.

00111001οψ 0101000010111 0111011492. 498.

’ 0061001οψ ob. Dobek.

0061090011 8101001111 10011. Ρο111. 647.

0011110011 rye. pol. 252.

0051100010 1101010 145. 237. 238. 288. 335. 345.
431.

001090 11015111. 73. 579.

0011010 herb szl. 356. 379.

0010011011 ob. 1110100100.

00010110101). Β101091. 597. ·

000 11. 135.

0010100100 w. 420.

001010 0091000010 400. 404

001010 1 810000 060000010010101110000111110

001001 01. 367.

01011101 1010. 442.

01010110 1. 81001010 (6100011110) 39.

01010110 1. 11011010 (nudula) 00]011.Βο1001011.509.
566. 575. 616. 628.

010100 9011010 500.

Ι0111110111. 564.

nunni rz. 208.

00001001 01. 574.

0011011010 w. 265.

00011111 810000 100. Κ101. 304. 315. 328. 343.

00011111 001010 0010101111 11. Ρο1. 355.
0000111 00100 503.

0000110 ob. Dziwisz.
mmmffimffiffimffim

0110101011 ob. 11110101.
01101101 1 Κ1ιγ100ον110 1 111101000000111 ku

Κ1011 304. 328.

01101101 1 1101111100 1. 1101101οἡ011 wojew. 80060111
115131171228. 300. 347. 360. 499. 501.
512. 525. 532. 545. 593. 622.

01101101οψ (00101000) 011. 01101101

01101101 1016. 011011. 81199011. 4. 224.

01100111 10000 1001101 111101. 515.

[901 m. 526.

011109 (011109) 01140150. 155. 160. 166. 249.
261. 263. 334. 348. 353. 371-313. 375 317.
393. 434. 481. 483. 500. 516. 649.

0111990110 1101010 153. 394. 450. 483. 500.

000001010001106. ces. 111. 112.

0901011. 100 1119010.

0Ιο01110100. 1110111. 68. 92.

01001 pleb. 1 Νο0011011000001 Cz. 455.

01111010 1000 Κο1101.1091011 115. 137. 142-144,
184. 202. 205. 219. 236. 241. 242. 244. 250.
258. 261. 263. 282. 286. 294 297. 299. 3111
317. 338. 341. 344. 349. 358. 366. 378. 300.
385. 388. 399. 403. 405. 441. 446. 454. 450
460. 469. 470. 473. 480. 481. 486. 487. 501
504. 505. 510. 512. 514. 532. 535. 539. 540.
544. 547. 563. 586. 598. 603. 604 611. 613
629. 631. 634. 637. 643. 652.

01111010 06111Κο11101091011. 388. 407. 630.

01111010 111090 t. 11011010 01110 1101101. 1091011 535

01111010 1 111100 1000 001. 111. 0001. 292.

01111010 00110 Hem. ks. 6109. 464.

01111010 1000 41110110 11. 1709. 8. 270. 283.

01111010 1001111001. ks. 8100. 611.

0110011011 111. 341.

000101 0101 (00011) 0101101106. 1109. 355. 319.

0001011 1 00010110 ob. 19111101.

0001011 110160011109. 545.

10000 Sylvius ob. Pius 11.

Ε111011011011000 ob. Kourad.

[10001 100191. 1110011248. 577. 578.

Ε10001 0010101111 wojew. 8101110. 538.

0011 111. 610100. 288. 300. 302.

001111, 61110. 011. Henryk.

0110901 (01110901) 000 10111. 556.

011100 513.

0190011101 Ι1Ι. 000. 5. 28. 47. 69.

01010010 1 8010100 brat arcyb. 1000 228 300. 364

 

