448 1111111111 1111111111111. 11. 1461.

,1 1111 111111 1111111111 111111, 1111111111 11111 1111111111111111111, 11-
,1111111 1111111 Β111111 1 1111111111 11111111 1111111111, 1111111111, 11
,11111111111111111111 111111 111 1 11111111111111 1111111, 1111111111
,111111 11111111· 11111111 111111 111111, 1111111111111111111111111 11-
,1111111111111111111 111111 1111111111111111111 1111111111 111111-
,111 1111111111 1 1111111111111111; 11 1 1111111111 1 od 1111111 ju& 1ο-
,1111111111 11111111 1111 111111111 11111111 1111111111, 11111111 1 11111-
,11111 1111111111 1111 1 1111111111, 11 111111 111111 1 1111111111 od
,1111111111 111111111111111 (1111111111 1111111111 1111111111, 1 1111111111 1111
,1111111111 11111111 111, 1111111111 1111111 1111111111111111111 1111111 111
,1111111111 111111 1111111111 od 111111111111 1111111111 1111111 11111111
,111111 111111 111111111111, 11 1111111111 111111111111111111, 1111111111111111
11111111, 1111111 1111111111111111111111111111, 1111111111111 111111-
,111 1111111 11111111 111111 1 11111111 1 1111111111 111111 1111111, 111111
,1 nami 1111111 do 11 111111, 1111111111 J erzego albo J 111111 111111
,11111111 1111111 1111111 1111111 1111111, 111111111111111 11111111 1111
,11111111111111111 11111111 1 11111111, 11111111111111 1 1111111ιά11,
,1111111 111 1 111111111111111. 11111111111111 go 11111 11111111 1111111111
,1111111111 1111111111, 1111111111, 1 1111111111 1111111111 11111111 111111
,1111111111 1111111111 go od 11111111 111111, (1111 1 1111 (1111111111,
,11 11111 8111111 111111111111111· 111111, 1111111 1111111· 1111111111· 111-
1111, 1111111111 111111111111111 1 11111111 (1111111111, 1111 11 1111111111
,1111111111 111 1111111111111, 111111111111111111111111111 1111111111
,1111111111 11 1111111111 11111111 1111111111, 1111111111 1 1111111111.
,11111 J 111111 1111111111 od 1111111111 1111111111, 1111111111 1 1111111111·
,111111 11111 1 1111111111, 1111111111111 (11111111, 111111 1 1111111111-
,111111111, 11111111111111 1111111111111111(1111111111 1111 1111111 1111111
„nego 11111111, 1111111111, 11111111, 1 11111111 11111111 1111111111.
,1111111111 111 11111111 tego 111111, 11111111111111111111, 1111111111
„od 1111111111111111111 1111111111, 11111111111111 1111111111 1111111 1111
,1111111 1111111 1111111111, 1 1111111111 11111111, 11111 (1111111111)
,11111111 1111111111 11111111, 1111 1111111111 11111111111111111111111111-

„go 11111111.“

[navit 1111111111 niatu 111111 11111111, nio 111 111111111111111111
nvojoj 111 1111111111ιὶ 11111111 1111111111.

11811111, 111111 11111111 11111111 Κ11111111,. 111111 1111111 1111111-
1111, 11111111 11111111111111, 11111111 111111 (1111111111 1111111111,

 

