320 6661166116 6616666166111. 161461.

6666116161. Ρ1Ζ166666Ζ1 661 1166161616161661611616666611616, 11111
1111616161 1116616 6616161661, 611611 66 66661 1 616616116616, 1 661611
1ο 66616 panem. 1116 61161611 Ζ 1666 6611616161616 166166 66611 11666
1116611616,111166166116161616161Ρ16611611(116106616116116
’ 6616 616616 661 Ρ1166 6 6661616116 16161111, 1661611616 1116666666
6161611661666666161, 1611111 61616611 1666616 161111166166 Ρ616111616
1616 1 1616616611666616611616 616 6166111 616666666, 1116 6161 661611-
666161 16166166 Ρ166116 616666 666116 1616166611. Ν161616ο 1116161661,
16 616 6666111611 66 611666 1111166616. Ζ66616 11616166 1161616166, 61666
po 111616166666, 6 16661616161616616 6161111161 1 6111616616 16161161-
1116661ΖΡ16616 16 11661, 66616666116 Ζ661116Ζ16111161Ζ66666, 161
16 66116616 616 66116611. 1116 111 (1161 11661611 1 1616616111616 616
1166166 661161 61611 6166161611 1 6116 6116 6116111, 61616616 11116 Ζ 161
16161 1616116, 666166166611 16166616161116661616666661616616116 (66166666
161 1116111111 66616616 1111166661 Ζ 661166166166, 6111 1616166616 16616616
16 61616, 66166111 16 616 661616 1666116616) 6116116 16 Ρ16616. 11661-
616166611111Ρ61611,6161666 161666 66161616616 16166166 1166116
16, 6 1116161661 1 6666161 161666161 6166161 1616166161661616 6161666616
61661666 116166 16 11661666, 1 616166661 6 1666161616, 6 6611) 161 16616
6616116161 1616611611 61616616, 166611166166611616 1 J 6116616
166661611616,111611611611616666 Ρ66661611616 1 Ρ16116116-
661611616661666116, 1616161 1666 ’161666611616 1666161666 86-
16611616, 16 1166116, 66666161 6111661611 61661116611611 ,611166
,6611611 666611 1666 66166616 16166166, 1 666611 16 66 66616 pana, 111

,61111661 661 61616 616 6161 616166616 6166616161 616161, 66 1611116616 1

61 1 166161161661 6166616161. 11611661611161611 6611 66616161Ρ16666616,
6161661661 ,16 616 611616616 1611116166616 1111661 616 66616111“; 116 66
161616616 116616 61616 61616666 616 Ζ 61661166, 6111 6 1616 1161161 616-
61666 11616 616111 616616 11666161. 116 11111 111 1111 116Ζί161616
1161616161, 1616161 Barbara 61666 po Β616616616 161616616 1161-

66666116, 6166 6 1116666116 (11116116 66166611166 116666166-
kim i kilku 166161 666661 16611111 (16661 11661616 1116166 Ρ16611 1

161661616161 6666616 Μ6Ζο616661 616 6616111611 616); 11116161 61116
1666166, 161161 1166 161616161611, 616666616166 6616161616611116666166-
1161, Ζ616161; ,6111 1111 Κ6Ζ16161Ζ 616661 616661166611666661616-
16661616 616661616166166 Ρ16611616.“ 11111 1166161616 61661661,
16 6166161616 11666616 Ρ16661 66 166 61661116116111111, 61166161 16 sami

161611, 116 616616616, Ζ 11116 1616161 661611 616 66166 11116 61116116, ,
111116166 66111111 1111 661666161666, 1111161611, 16 61666616 16661611 116 3

61666616 6166 6661666166, 166661 116 61616616 661661, 611611 11666161616616

1

1

   

1
1

1
1
1
1

