272 1121111111 111111111111. 111459. ³

111 1111111. 11111112 1121111, 1 1111111111 11 111211 11111111, 112111111111111-

11. 11111211111111111111211111111 2111111112121111111 1111121 1111121.

1111111111111111111111 111 11 111111 1111111111 111111 111 1111 1111 11111
111111 11111 1 1111111111 11111 1111111111 111111111 [1111111111 111 1111111·
111 11 1111111.

11111111111111, 111111111111111111111 11111111, 111 1121111111 1111-
1111 1111121111 1121111111, 11211211 na 1111111 11111111 1 11211111 jego 1111-
gQ. ’1111121111 11111111 Κ121111112111 11111111 Polskim 1211111111 Krzy-
11111111 1112111 111 11111 1111111 1111111 lub 21111121111 broni. 11111111·
ryk Ρ1111111111 112111111121111 11211111111111111111, 1111111111 111-
111111111111111111111Ρ11111111, 31111111110111111111111111111
Kal-iskiego i 1111 (12111111111111 11111111111111111111111111-
go. ci 11111211111121111Η1111111111 Ρ111111111111 1111112111 11 111-
111111 1111111, 1111111111 1111111 1112111111 1111111111 1111111 111 11211111,

1

gdy Β111111 Szumborski i 21111111 1111111111111111 1111111111 11111 ,

111211111111 1112111 11111111, 11111121 Ρ1111111111, 1111111121111 111111111-

1111 11111111, »11211111111111111211111111111111111 1111111, 1111, 111111 ¹

,111111 ioh 11111 11111111 1 11111111 1111111111; 1111211111, 11111111 11
,1211111 11111111 1111111111, 1 1111 11111111 1 2111111 1111111111 2111111111
»11211111 Tymezasem‚ 2111111111111111211111, 11112, 11111211 11111111-
1111, 1111111111 1111111111 1111111111 11111111, na 111111111111111111211111
1 112111 11 (11111111, gdy do brzegu 11211111 w (11111111. Agdy 11111
2111111 1111111111, 1111111 Pruski 111111111111, ,11 1111121111111
,1111111111 1 111111111111111111111111111, 1111111111111 11211121 1111-

»111211 11111, w 121111 11111111 1 1111111111 11111111112121 Ρ11111111111- ἢ
11111 1111111 od 111121111111, 1111121 1111111111 1111111121211111 1111111111, 1

111111 11121111, 11 111 111 1111111111111111.

11111111111111 1 1111111111111 11111 1111111 11111 11 11111 1111111111, 111·
1111 1111111111 11111 1111111 11111111111 111111 111111 11111 111 1111111.

v 11Ρί11111, 11111111 S. Β1111111111111111111, 11111111 Κ1211111111
211111111 111 1 11111111, przybyli do niego 1111111111121211 1111111
1111111111, 1 11 11111111 111111111111, 11111111 1111121211 1111111-
111111111111, 111121 sami 11111 11111111111111111111111111, 1111111, ,111
·,,11111, 2 1111111 1111111 1111111111 111111 Wogierskiogo 1021-

 

