101469. 1001111110 0011110100111. 493

1101011000100100011. Prosili 001111, ,011 1111101011 100011 111110
,11011 10010011, 00111011 01101011 00010110100010011. (11111 1001011 01010-
,111 0001 11011001 101011101, 0101110 110010 0100000010110100 000101οἰ1 01010
,0000010 011111 0 0010010 1110 0111111010.“ 101100001101010110, ,011
,0 1111011 101100101011 00010001 1110110111 00010, 1011001100, 1010101-
,110 0 101 1110110111 110 01011 1 011 11110010 011111010101101, 1 0000110-
,10010101 011 sami, 1010 1 1111 0010010 100001 1011110 0101010101010,
,011 1110101 011 1111111 0101000101100100001011100111010 1111 Pol·
011, 01100101 0101001111 11101101011, 10101010 (110010, 1110101010 po
0100111010111 11000 011011, 011010 1100101001 1111001 11001010110110,
1 01010101101100, 1010110000 1111 011001 1110010010110, 1111100110,

1000100110101010 8010001, 111101 001011 10011111101100101011000 ’

11001010, 0100011010010101011 01100010 00110 0 01101111110 Ρο10110-
00 11000 01110, 0 00100011 1 10 110100 10 100100, 10 110 010110 10101010
011011 10110101100110 11110 110010101111,Ι 0011111101111 00110 11-
10010 1 innomi 011000111; 1100110 00001010 1111101 10010010, 0 10001001-
10111 100010010111 01101011. 111 001101011010 01100001 11100010101010·
1011 10001101 110 0000101011, 1 1100010100 101 01011001011110 010001010
10110001, 0101010011; ,10 po 0001001101ἱο 1011 001010110,1111010100110
,0 100101000101 1101111001011010011 1100110, 1100010100 101 1100010001010

,0110010111 101000101011 1000011 10001, 10 11001010 11110 1100101·

011000 10 (100010 0101100 0111011. Nie 1110110οο 1011 0011110001 1101
10100, 10101 01100110, 11111000000100110011011011 1111001010, 0011000001
10 nich 10011 00100111, ,100101001οἀ 1111 1101000, 11 0011100001 01110
,11110001101 11001011 101011 10001101 1010101010, 1010101100101001
,110001011οι11 1111001. 1011000100101 01001, 010100001 01110101
,1010011010οο 0111100000111.“ 1000000 00010010 10000011 110 011001011
z⁸ Κ101000, 11011 10000010 010 01011, 00010 10 010011 0010110, 1010-
101, 10101 1000000 11011001 010 1111011 (10001111, 1 000100110 0110111000
10101001 11010010, 10110101101 1010 1 0100000110101, 0 0100101οἰ 00011011110
1001110100, 8101101000110100011001000 0 Β100010 110100-
00 1111010110οο, 11111011 11111 10 11000 1110101001111010010100110
010, 10101101 001111001 000011 100011 0 1111011 110010101111, 1010101-
00000 0 01110 11110 110011110100 1111011 (10001111 0 01011111001101011

011011 1 01110111011. 1110100011 100001 111011 0101101011 10 01010101οἱ0 .

J 01 10100, 101011, 011 101 01111 10101 1 11101101, 101011 10101 10110-
1101011, 001010111111 10100101, 100001011010011001 1 Κο11010111
101001. 110110 1001011 11001010 11110 110 01010110 00 010000101100111-
10111, 0 001000000 0010011011 1011010111 0 01110 1111000110, 0101011101
1011010110 00100 0100010101011 (10001101. 10101001101101101011

 

