314 1111111111 1111111111111. 1. 1414.

11111111111 111111111111111111111111111111. Κ1111111111 1111 Ρ11111,
1111111111 111 11 11111Β1111111, 1111111111 11111111 111111111111·
1111, 111111111111111 11111 1 11111111 1111111111, 1 111111 11111 1111111,
11111 1111111111 111111 1111111111 1111111111, 1111111111 11111111111111-
111, 111 11111111 Νο11 111111 1111111111. 1111111 111, mimo 111111 1 roz·
111111111, 1111111111111111111, 11111 1 (1111111 1 11111111 11111111 111
11111 Ρ11111 11111111 1111111111111 11111111111111111111111111 ι
1111111111 111111, 1811111, 1111111111111111 1111111 1111111111 111111, 111
1111111 1111 1111111111, Κ1111111 111111111111111111111111111111, 111111-
11111111111111111 1111111111 11111 1111111111, 1 11111111 1111 11111111 111
111111 1111111 1 1111111 1 1 1111, 1 1111111111 111111, 11111111 go 1111111 111
1111111111 11111111 11111111. 11111111 1111111111111 1111 1111111111 do 1111
1111111111111 1111111 1111111111111111111111111 11111, 111111 11111111
1111111111, 111 11111111 1111 111111 111 1111111 sami barbarzyncy. 1111111111
111111111111111111111111 111111 (11111111 111111, 11111 111111111111111
11111111111 111111 1111111 11 1111111. Przestrzegano 1111111111 ’11111111
1111111111 mu 11111111, 111 111 11111 1111111111 1 1111111111 1111 1111-

. 1111111111, sam 11111111 111 111111 111111, 11111 11111111 1111111111 111111-
sili 1111111111.

Man 111111111111 1111111111 11111111 11111111111111111111 1111111111

1111111111111; 1111 111 1111111111 111111 1111111 1 1111111111 1111111111

1111111111, 1111111 1111111111 1111111111 11111111, 1111111111111111 111111
111111 mima 1111111. 111111 11111111 11111111111111111.

11111 11111111 11111111111111111111111 1111111111 11111, Adam Wil-
11111111,1111111111111111111 1111111111, 1 1111111111111111111111,
1111111111 1 11111 81111111 1 1111111111, 11111 1 1111111111 111 11111-
111111111111111111 11111 81111111111111111, 111111111111111111
tego 1111111, 111111 1 1111111111 111111 11111111111111111, 1111111 111111
1111111 1111111111, 111111 11111111111111111 11111111 do 11111111. 11111-
111111 111 1111, 111111 1111111 111111, 111111111111111 111 1111111111 111
wem 11111111, 1111111111 1111111111· 1111111 nato 11111111, 1111111111
1111111111 1111111 111 1111111111111111, 1 1111111, 111 1111111111 111111,
’11111111 111111 111111 11111111, 111111111111111111 1111111111, 1111111111 1111-
11111111111111; 1111111111111111111 11111111 do 1111111111111111111111, 111· 1
1111 1111111111 nie 1111111 11111111 11111111 111111111111 do 111111111. Na· 1
111111111111 11111111 111111 11111111 1111111111 1111111111 111111111111111
11111111111111 (11111 1111111111. 1111111 11111111111111111 11111111- 1

 

 

 

