316 0111111001 110011010110. 1. 1462. .

11001011011000 010000, 0 1111010 10010 001110001 11111; ,110 0101010111
,Ρί00001, 001101 Ν10100010 00110010100000, 1 0001010, 11110011 0 0010010
,11001100 011000101, 1000110010] 010 0111, 10001110, 10 11111110100
,10101 01 0010 1010011011 11111 10 010101001, 110111100· 010010101011110-
,1110 1101001010 0011110 011 01010101, 110 0001010 011111 00 00101010]
1110111 00010010 111100000 001111111 00111001 0100111010,100110 00011
0011010 0101010, 1 10 0001011100010 1 0111000010 101110 1101000, 00
110100010 0110010 010100 000101 000010111001111001010, 0110010 1011111
000 11111 ι101 1 101 0010001 0100010010 11011100 0011111 11100111110100101
0101100. 1110100 011 11101 00001 011001001011. 110 000101 Pius, 101011
011101, jak 00010010 011001100111, 100000 01101000, 0001111110010011010010
01111 1010111001 110100001, 111110 001011 1011100010 00 0110, 01101000
1 0001110οο 0010110010, 1 10011010, 10 0100101 11111 1111111100 101110,
0010011101011001111010 10 11110011 000101010, 10000110 0101010 0 01110
0100111; 0101010 0110110101 mu 01111, 110110100100100 11101000101 Κ11
100011000, 1000011001οω 011 1100 11010011100110011000 010
0011111000101 8101100 100010101100, 1 010110011011110100· 0011 001100· 010-
1010010, 011 011110 000010 0100100010 1 111101. 111010 00110 0100101000001
1000010001 001110 0111010 010110 01 11111 Κ1110111111, 10 01100000
00010, 1111000 0011110 0101110011 0000011 0001011101, 10011010101011 10
00110 010100111 011001010011, 00101 100100· 0001010 011 000110010, 0011011
01101011 011111. Nie 111110, 1010111, 10111 01111101 0011100011 000110, 010
10100 10111 00100 001001 01101 01010011. Κ111 Κ111101011 000100110010
001100110010 0001010 000110, 11111 sie: ,10 0101110 0000 01111000 0001110 00
,010110, 1 10 00010010 0000, 111110 011 011001011011,10000101 1111000011
,00100110 00110111 001100 1001011 11110001101, 010 00101101100001000,011
,100001100010000 010111111011, 10 01100000 01 1011010 111 1010101 0111010
,1001111111 1110 00001011010011001011001000100· 10000· 001000101, 0 111100
go 011010 0111000011 000101 001010010 110 1 ’1001001 100110100 1110-
100011, 011011111010 11110011 ,110 010 0101101 01111000] 0 0101001 0110-
,1010010 0110110011 00001 000100, 0011111 011101010001 1101011000
01101110111Β110101100011101111011000,11101001010000111-
10011111100100 01000, 111111 1101000 111100011000, 0111010 1101-
0110101110 011 11101011. Na 00 010001011111 110 110101101011; ,10
,010 0010100010 001111 10 01001100101011 1000, 11110 01011010010 0011100
,1 00010000, 1 010 0001000010 011 10 111000 0100, 1001 0 0011000111011,10
,011001011011 111100011; 1 11110 0 010 0100010000 010110, 010 11010000 010
,100110111 011 10111 0 11111, 10110 0 00110101110011.“ ’

 

