350. 366. 389. 396. 401. 405. 558. 563. 584. 1100101 001000ηο 100. Ρ100. 529.

598. Manioi 3100000100 kan. Ρ100. 529.
190ογ0100 0100110137598. 630. 644. 646. Μο0090 w. 119.
[0900100 w. 561. 100901οΙ000, 05010 101010 10170000. 241.
1001010 herb szl. 579. 630. 647. magdalena, 100010000901100001900 530.
1000009 (1010001101). Polubice. magdalena 2 1100100000 629.
10900101. 10901γο 43. 46. Mahmud ob. Mahomet.
Lowickie 90010100 340. mahomet 0011. 111100. 134. 145355. 356, 363. 384.
1000100 m. 320. 560. 398. 513. 536. 537. 567. 575. 586. 588. 592.
10010 m. i zum. 10. 52. 83. 84 89. 97-107. 607. 614. 632. 639. 650.

274ᾒ276. 496. 1110110009 ob. Marionburg.
Luoka ziemia l. 7701911010 15. 25. 36. 74. 88. 95. Μο100 zum. 116. -

102. 106. 127. 212. 274-276. 363. 378. 437. 10019000010, 10ηο Μ11. 10. Raeib. 119.

593. Μο19000010, 011οΖ100010. 1110000. 0011100-
Lukm 0 050101 l. 06ar wojew. Pozn. 6. 19. 24. rad. Czarn. ks. Olefin. 319. 336. 337, 344.

31. 42. 63. 75. 79. 100. 107. 126. 163171. 358. 389. 395. 603. 396. 403. 512. 579.

174. 212. 304. 320. 322. 367. 386. 415. 423. Μο19000010, iona Kazim. ks. Mazow. 0 pote'm

424. 545. 560. 571. 647, 77001. 10. Racibor. 379.

1010001101. Pozn. 440. Μο1110 ob. 11110101.
101000 31090011 265-269. Μο10900000 m. 132. 317.
10105ον m. 36. 69. Μο1090100010 534. 576. 613.
10000100 (tunnam) w. i kl. 93. ΜοΙο11 ob. Wojeieeh.
Luiyoe ob. Luzacya. ’ Μο0101 000091 70101. 499.
101900010493. 624. marein 0 8000110 archid. Wil. 6. 21
tyna 9600 47. marein 2 81000010 wojew. Κο110.37.
7.γο09000101 11000100 8. Krzy4a 47. 82. 286. 485· marein 1110001000ψο11 0001100014, 001001. 346.
550. 629. . 519. 530. 593. 607.
Mat-oin topacki 579.
Μ, Μο0010 1190000 01000900010304.
marein 800110900001101100. 309.
Manioi bisk. 171142. 88. 123. Μο001η 110990 (0090) 219. 220.
Manioi 1 1010100900 (10110190001010. 59. Mami„ 810„ sqdzia 0111011484,
11100101 syn 1011οΗ0οΜ011. 7709. 224. 225. 244. Μῃοῑη Βοηοκ 1 Hradka 502,

245. 241248- 250· 269389- 335355-351 1100010 7001000 (710000οο0, 1110001001 7000010000,

364. 383. 384. 408. 466. 467. 471-473 475- 1001100 00100010, 9016111 mistrz Prus. 621.

479. 486. 489. 490-493. 496. 497. 498. 501. 630. 631. 637. 640. 642. 646. 647. 649. 651.

505 506. 508. 512. 514. 516υ520. 522. 524. 653. 654. 655.

525. 527. 532. 533. 536. 538. 541. 543- 545. Μο0010 (1011001101 1001100601) 110000 504.

. 548-550. 552. 553. 555. 556. 558. 561. 562. Μο001000010110010 star. Kijow. 20. 43. 88.

564. 565. 567. 569. 570. 573. 575. 576. 577. 110. 184. 212. 223. 515. 573. 574. 575.

579. 581. 582. 583. 584· 585. 588. 589. 590. Μο0010 30001011 rye. Prus. 392.

591. 594. 596. 597. 598. 601-603. 606. 611. marein Sycowie 412-414. 417.

613. 614. 617. 618. 619. 620. 621. 624. 625. Μο0010 11000000001001101. 10011458.

627. 633. 634. 635. 637. 639. 640641. 642. Marcii ob. Marcin.

643. 645. 648. 640. 651. 652. 653. 655. 1100010 1101010 623.
Μο0101,Μο0ογἠο11 star. Wielkopol. 560. 571. 613. Μο001 8008110 (soniam) 32.

614. 648. 10100010 legat Apostol. 538. 539. 541. 547. 550.
51001010 110010ὶο 1. 1100190101, 100. 111011171001. 552.

293. 295. 305. 315. 348. manburg m. 10010. 149. 160-162. 164. 166.
7100101 pleb. Phanow. 304. 167. 169. 171. 172. 174. 175171178. 183.
Manioi 0 8090 prob. 89100. 304. 192. 200. 206. 213. 219. 220. 225 -221
Μο010181υρο11324. 229-232. 237. 238. 240. 249. 254-257.
1010οΙ01 0709011 1101. Zmudz. 363. 512. 272. 276. 287. 317. 318. 369. 375. 381. 393.
5100101 8001100090. Krzyi. 392. 394. 396, 405. 407. 410. 414. 419. 432. 434.
11100101 0 tomiy pisarz 1151, 594. 650. 450. 481. 482. 500. 516. 605. 631. 649.
Μο0101 0110ωο80000 wojew. 10001001452. Mam, wdowa po Eliaszu wojew. 170100. 49. 84.

 

