11. 1411. 1111111111 11111111111111. 521

1111111111 11111, 111111111 11111111 1 111 11111111. Po 1111 111111111, 11111-
1111111 111111111 11 11111111 1 11111111. 111111, 111111111 111111
1111111, 111111, 1111111, 11111111111111111111111, 111111 111111111111-
1111111111111181111111111111.1111111111, 111111111111111,
111111111 1111111111 111111 S. 11111110111111, 111111 (11111111111,
1 1111111 11 8111111111 111. 111111 1 1111111111, 1111 1111111111 11111-
tego 11111111 81111111111111111 S. Piotra 1111111111111111111111,
1 11111 11111· 111111111 1 1111111111111111111111111111111111111 1111111
Κ111111111111 1111111 1111111111 11111111.

(11111111111111111111111111111111, 1 111111 111111111 1111 8111-
1111111 111111, 11 111 11 1111· 1111111111 111111, 111111111111111111, 111111
’11111111 8111111, 1111111111111111111111, 11111111 Κ1111111111, Ν
1111111111 11111 (cubicularium (1111111111) 1111111111111111 Κ111-
1111111. 111 1111 11111111 1111111111 11111111111111111111, 1 1111-
1111111111111111111111111111111, 111111111 1111111111 11111 111111111-
111, 1111 1111111111 1111, 111111111111111111 111111, 111111111111111111
1111111111 1 1111111111111111 11111 1111111111. 11111111111111 Κ111111111
1111111111, 1 111111111111 11111111, 111111111 1111111111111,1111-
111111 111 11111111111111111 111111111111 11111 11111111111111, 11-
111111- Κ11111111111 1 1111111111 1111111111111111, 111111111111
11111 11111111111111111111 1 11111 111111111111, 1 11111111111111,
,11111 1111111 111111111 11111111 1111111111, 11111 1111111111 111111111111
,111 11111, 111111, 111111111 111111111 1 1111111111111, 1 1111111111
„legata 1111111111111 1 1 11111111 1111111111 1111111111111111 111111111
,111111111.“

1111111111 11111111111111, 111111111111111 11111 1111111111 11111 11111111-
111111, 11111 11 1111111 1111111111111111111111111111111111.

1111111111 11111111 11111111, 111111 1111111 1111111Κ111111111
111111111, 111 1111111111 1111111 1111111111 111111, 1111 11111 111 111111-
111, 1111111111 111, 111 111 11111111111 111111 1111111111111111111111 11111
111111111, 1111111 1111111111111 1111111111, 1 11111111 111111111Κ1-
111111111 1 1111111111111·11111111; 111111111111 11 11111, 1111111,
1111111111111 111111 1111111 111111111 1111111 iw 11111111. 111 111111 11-
11111111111111111111 111111111 111111111 Κ1111111111 1 1111111111,
11111, 111 11111 111111111111111, 1111111111 1111111111111 111111 11111111,
11111 11111111 11111111 1111 1111111111 01111111111. (111 11111111
1111111· 11111111111111 1111111111111111 1111111 11111111, 111111

 

