- 161452. 1116161666 661661666616. 101

,6116 616116 66 61666616 6661111 116616, 6161616 6611616 616 6161 6116166
,161661611661611161 11116 Κ6616116166, 161 11111666 166666 6 1616161
,161611611611.“ ¹

1111 Kalaiou 16111616 16161611161111166 1 1161611116 tralatu. 1161616
61611 11611616111161 6 1611616 11111 6161161ιὶ 1116616 8116611111, 611 61161·

66111 1111116661 111111 avim 6 116116116616166 1616111 116611611611111.
16111661, 161 1111661111, 1616111 16 161616.

’116611 111666 161 11116 61 1666 61 16 61666616666 6161616 661611,
a 6616161666 66116611 1 61616616 66116666 16 16166, 611 11116 11661616·
166 611661116 161616116661611166 1616661611. 111611116 1161661 1 1666616, ’
616 1 1111666 16116 66166616 6611 6 16 666611 11161111 1 666661 ; 616 16-
1616661111 666161116 6611666616. Κ111 Κ6611116166111661616161, ,1616166
,161616 616 6116161 1 616 16161 16166666 6661611 1616161166616, 611 1666 616
,16666666616 1116161666, 11116 616 6111611 66166166611111616616.“ 116 1116-
661 Ρ6161ό6 66 1166616611, ,6111 1616666 61161111 16 1616, 61111666666
,6161111 61661 6 1111616661, 116 161666616616616 6161 16161661 6666-
,166616 61616.“ Ale 611 661661616 6166161 66 61611616 6161616161616166
6616661, 1 11666611 66116161 61661 61166661 666661 16166616, 16 61611616
6161111 6116616 11616661, 1111Κ661611616 16161, 6111 6661666666 611611
1161116666, 6666166166616 6161616166. (16 611 6661616 1161161661, 1111 6 po·
61616166616111611 6111161 611616 161616, 1616 to: 11161 161666 616111-
616661616161611611666, 166611166166611666 1 16116616 Ρο-
66611611666,1)1616116, 1666 1666161666 1 1666 66166616 Κ16166-
611666, 11616666 Ρ66661611666 1 1666 866166161611666,
661666116, 66166166 Ρ16611616 611661661616 1666161666 8661661161-
611666, 1 66116616666661 16111116161666161616166161, 116616111ε ,16 6 16166
,61166116 boz 661616616 616 166161661166661161661 611616 1116111666 16166166
,11166611666 616 166161161616111166616161166616 1166 111166166. 161
,11116 166166 11116161 16616166 616 6 16166116 1616161166616,611616116
,16666 1 611116 66166611 661666 11616, 1 6116616166 166 6661666666166 6166
,66661661 66661166166616161. Ρ16611 661111, 611 66 6661616 661666
,166116666116166 1 661611666666661166 166661111 6111666 16 6116111161616,
,6 1111116 1116661666 66666 161616 16161 61616166611166, 1 611666161666
,661611 6661666666 11661, 6111616 66616 616166 1 1166161611 16 66611616
,666166166 1616161 6161111 66616 16161666 11661166616116 11116116 Ρ11-
,611.’ 1161111 16 11661666616 161616 161 6166666 1 6116616666 66661
6611661111 6166 6661616 6666611166 161666 6116666616. 116661616 6616116161

 

