61451. 11666116 6661661661. 111

1 1661611166161. Ρ6116 661111616 16 6611616 1 661111616 161111616611-
1616116611, 116161 1 611116 6161616 16 61111611, 1116116 1 666661616,
161 116166611661 166161611661111161 116111116111.

16116611 1611 11616611 111 1661616616 1666161 6666661161 16111166 16 1161661,
166161666116111161, 1111 6666666 661111 16611 1616161661 166611.

86116611 1611 11616611, 616166616661 111 1616161616 166611
6666661161111161116116161, 11111666, (166616611161611166,
16661111616 111661 1111161166, 16166116616 6161 1116611, 116111

1611111116661161611166611616,1616116616116166611.11106661 .

16116116 666116 61161611 16616166, 6 1666161611666 ,16 1116116166 6 6616
,1616611116 61611 do 6166616 1666666 616 6111111616661116; 1611111
,16616 6166116111116116661, 11166 161 6161666 61661 61111 66161116
,6116116161 6161116 616111 611 116 6161 61111666 6116116 116661611, 11-
,11 1111116116 1161611616 161161666166161; 616111 61 166166611 61161,
,16 666661 111611 1111666 61661661 66611116.“ To poselstwo 161666 61
(1666116 1116 16611116 161611166111 16116611661, 16 6 1661611111
16111 16 16661 111161 16611 1166666616166. [1116611661 6116 66161-
66611666116, 666 66 111 1111661 1 166161161 61611111, 666611
16111611661116116161,1111161616161111,Ρ1161,Β666611
1 816161, 166161166661661116116111, 11616 1111 16116616 161616-
166611161 16111 166611 661116 16611666111, 111 116 111 66166611 6111166
1661116166 1 1616161611 66 161161616 1611616161116 1611616616
16111616, 1111111166 1616 6166616116 16 1616661 8111161611 1116-
11 1611616616 61116661. (1116111661166161 16 816111, 61616 16116 Ρ66-
11161111616, 16166161 666661666111, 6116616 1116161 16111166-
161611616,1116616666,166111611661166166666666166616616,111-
16611 1ο 16611 Ρ1661611616, 616 61611661 6161616111166661, 116116
1181661161611111. 161 16111616 61611161161611 11161111661666161616
611611 816611. 1111 6166616661 1611 81116611 6616 6 1166666611
66611, 66 86611, 1ο 1661166616111661, 1661111 do 116161, 61661611·
61616 161116111666161611161161666, 16111111166611616, 1611166-
1661616 1616111611 1116616, 1 61611 111161 1611111. Na 1616 616116116 61-
6611 6661661116111116616, 1116161 16616616161116, 16111111666661, 666616-
66616, 166666661661616 1 6166661616 611616 116166. 016661111161611116,
1661111111616661 6116116186. 116161, 11616 6 66116166111661-
116661 1661611611666611. 1161666161 661, 111116166111616111666, 666666
16116611 6166161 16 611616, 16166616611 16666 1111161166 16111

 

