196 6161111666 1661666666616. 11. 1455.

„iydf‘ Latwowierny 11111, (1611661616 6161611161 6161166611 611616166611 (616
61616666666116111616, 1111 6161 1611 66116161 6116161 1111611611 66 61666116666
61661616) 666166161 61616616 6161616, 111116 166616 611616 1116116 6161666616,
161616166616 61666 (161 1111116 661 1161161616, 6661616111611 661 6161111,
16661161666116616116111616, 1666161661111166116Ρ616111666, 16-
666 ’1666166 Κ161161161116661Ρ16116 6 06616116 1666161116-
go, 6616116111, 16116161 Η16666 6 11666116, 1666161666 816161611666,
6661611611116111666161611116616161611166611616116161161116-
111 1 66161616 6611 61666661611161661161111 6611616. 616111 1661616116 Β166-
(1616161116 1 66616161 16161166 1 111611611111616611611616 661 11611116 1616-
61616 1161161 Κ61616166, w 6661161666616, 1616166111 61666661116616
116 (1616166 6611666, 66616116 111161166 1 6611666 611611666661 11616611 6111116-
616, 61661111 ,611 Κ661161616 11111 Polski 6 11161111 111611661161111616116
,116161616111 1116 (16666161 161 666166611. 16111111 161116 1 1616616, 111116 616
ᾖ66111666 6666116616 6611611, 61116166611661111611. 1166616, w razio 16-
61611666 666111 6616161161 6161 616161166161661166661, 611 616 6116166661
,6616161161 6661616, 6666166, 6116 6161116111 6666161116, 11111111 161 11616161
,161611611611.“ Ρ66161116 111116 Κ6616116166, (1611661 61666666 6116611611,
1 6111666611 1666 66161116166616161116666611661, 6666611 661116116616611661-
666 661611 11116611, »161611 61111111 61616161 1161116161 611616166161, 11616166,
»16 616 1116 166616616616 61611111, 616 (116 61616616616 66161116111111611 116-
6661111, 111116 1161611 6161166161.“ Μ61616116611666616666116116 66166116,
611 616 616 61611616, 16161661 116616 616 11661611 6611611 611616161, 6111616611
6611661616116616611666, ,11 116 6616116616 6611616 6616111 1111 61616611

· »61661116161111611161 1111616161611161 161111611666166166666116166

,66111611 Te 66166111 6116611 6166666611 1 6616116111116611.“ 116 666166161 661
11166161 6666611 6616611161 6661111, ,61161661666161611 6161616116616111,
’ „ani 6611611611 do razu 6661611116 6166116 Ρ1116116 6116161161, 1666 6116661661
„ludzi 6111111611 616661611 661161, 111116 161 11611666; 6 66161661661 16 661
,611616 11161166 1 6666116616, 66611611 66 6666 6666616161661 16 666661661616-
16611 1116111, gdy 66166161 1166166 Κ16116661 66 66661616 6611616 6616616,
„a 1616116 1 661166 66161661 1 616161661 616666 116166 616 1616 161611 6111116
ᾖ616111661666616.α Ρ661611161111161166161166611661 1611 6161116111, 6111111611
6661111616 6166111616 6116116, 66111111 616 61 (16166666 1611616616, 1 616111616111
1611616116 6116161666 6161611111, 661 1661161111 166 1161161611 w 1611616161611
6 661111 61116111, 1616 166 61666 11616116166 6666161116 11161161611661161, 16
66666166 6661616616 6 6666166616 61166 6111111611. 11111666 616616 11116-
1111, 161661611161666 661161661611111 16166166, 1 16 u 111116 1611616166-
6111 1616661611 6666111 116166611111 1 66161166616, 6616161166161116161 111116

 

