9999999999 9999999999 9 99999999 (9999999999 9 99993999 999 9 ί99999999 999“
-99 999999 9 999999999999 9991999 *999999 9 999 999 999 9999999 *99999999 9“
9999991 99999999 9999 ι999999999999 999 99 [9999999999 9 9999999 999999 9“
(999999 999999 9 9999999999999 ι999999 ι9399999999) 3999993999
9999· 9 ι9999999 9999999 9999999999 ι(99919999 99) 9399 99999
9199999 9999999999 9999999999 (939999999999999 99999 99993“
-99999 ι9399993999999999 99999 9999 599999999999’(9399993999999
99993999 9999999999 ι93999999999 9999999 (99399999) 9993ιι
-9999 ι939999999999999) (99999999) 99999 9999999999 4939999
-99999 93999999 99999999 9 9999999999 (99999999 99999999) ‘em‘
-eqos 9999993999 (99993999 999 9 (9999999999 999999 9999999 49999999(
9999999999 9 9999999999999 999991 ι999 99 (999999999 9999999999 9999999999 9“
99993999 999999999999999 ι9999999999 9 99999999 ι993999999999919999 9999999(ί
9999999999999 99 9999999999999 ι99999999 9 99999999 9999 99999999 99 9999 9“
ι993999 999 993999 [99999 (9999919 99999 9 ι9999999999 9999999999 9999999 9“
9999999 (999 99999 6999999 99999999 99999999999999199 ι999999 6999999999(
9999999 9999939999 9 9999999 Ι99999999 9999999999 9999999999 99999 9999999999 9“
9999999 ζ9999999999 99 99991999 9399 99 999 99399999 9999999999 99999 999 z“
9399999 99999 9999199999 9 999999 999) 9399991 9999999999 9999999 999 9999“
-999 999 9999999 *9999999999 9399999999 99 9999999991 999999 99999999 [99993
999 ι399999 999 99999 999 9999999 9999 9 [99999 9999999999 99999 99999999
-od 99 99999999 999 9999199999 999 4999999 99399 99999999 9 9999999 699999
’ 99999999 9999 9999999999 9399999 9999 999 ι9999999 9399999999 9999999999
Ι[99999999 69999999 9399999999 999999 9 99999999 99 999999 ί9999993 9“
999999 9999999 ι999999 93993999 999 9999999 99 ι99999999999 99999999 ο999“
9999399999 99999 [9999999999 9999 9 999999 999999999991 99 9999999 9 999999“
-ss 9999 99999 999 69999991999 9999999 9999999999 9 99999 9 9999 9999 99999“
-999999 99999 99999 999 69999999 93999999 9999999999 od ‘Kouzffzffl 9 9999999

’ 99999999 9993 99999999 9999919 999 99999 ι9999999 999999 g 9999999999

99999999 99999999 9 9999999999 9 ι9399999993999 9 9399999999 99999“
999999999999 9999 9 99999999 9399999999999999 ί99999999 [9999999993999
9399999 99999 99999 ι9999991 9399399999 9999999999 9999999 9 9 9999999999
9999999 99999999 9999999999 9 99999999 99999 9 9999999 99999 [999999 999999
ι9399999999 999999 99999 9 99999999 99999 ι[99999999 99999999 9 9999999
99999 9999999 ’9999999 9 99999999 9999999999 9 9999999999 9 9999999999 (999999
999999 ι99999991 999 99991 9939999 99999999 999 9999999 ί[9999999999 9“
[9993999 ι,9999999999 3999999999 ι999999 999
999999 9999999999 9999999 9 [99999999 69999999999 (9939999999999 ([99999999 9“
Ι9999999999 9999999999 99 9993999 99999999 9999999991 9 999999 9999999999999“
99999 999 99 9999 99 ι9939999999 9 999999999999 9999 9 9999999999 9999 39999ίί

[91 . 9999999999999 9999999999 9999 ‘21

 

