1. 1446. 1111161111. 15

111111 11111 to 1111111111, 1ο mu 1111111 11111111111111111111 1 11111 1111111-
11111 1111111· 1111111111 Polskiogo, 111111 1111111 111111 1 1111111111
1111111111, 111111 mu 1111111 11111111, 1 1111111111111111111111111111111111
(1111111111, 1111 1111111 rad 111111111111111111 (1111111111, 111111111111
1111111 1111111111 „Ze 1111111111111, 1111111111 1 111111 Ρ1111111111111
»11111111111111111 111111111111111111111ηηί1, berla Polskiego‚ po kil-
,,111 1111111111 1111111111), 111 1111111111, 1111111111 1111 1 11111111 brata

,11111111111111 11111111 11111111 111111 1111111111, 1111111111 11111· ι

,1111111111111111 11111111 1111111111. (111111 111 11111, 1111111111 1111,
,111111111111111Ρ111111111111111, 1111111111 1111111 11 11111 11111,
„i 1111111111111111111111 1111111, 1111 go 1111111111111 1 1111111.“ Ζ 111
1111111111 11111 111111 hylo 111111, 11 1111111111 1111111 1111111111 111
11111111111111111111111 1111 do 1111111111 11111111 1111111111 Polskiego,
111111111111111 1111 1111111, 1 11111 11111 1 1111111 1111111 11111111
1111111111111Ι go od 1111111111 1111111 111111. 01111111 111 111111 11111111-
11111 11111111111 111111111111111111111 11 1111111Ρ111111. 1111111111
1111111111111111, 1111 11 1111 111 1111111111 11111111 11111111111 111
1111111111 1111111111 1111111111, 11111111, 1 1111111111 111111 111 111111111-
11111 11111111 1111 1111111 11111 111111 11111111 1111111 1111111111 11111-
11111111 1111111111 1111111111111111, 111111 im 1111111 Κ111111111 11111
1111111111 1111111111 111111 11111111 1111111111, 1111 11111111 do dawnogo 1111111,
1111111111111 111 1111111111 Κ111111111111 11111 111111111; 11111 11111-
111 nie 11111111 11111111 111111111111111111111111 1111111111 1 Ρο111111111
1111111 1111111111 11111 11111111. ’1111111111111111111111111 11111111, 1111111
Κ111111111 1111111111 1 11111 111111 11111111 111 1111 1111 11111111 11111-
1111 1111111111 11111111, 1111111111111, 11 1111111111 1111111111 0 1111111
111111 1 Ρ11111111 1111111 111 1 11111111 Ρ1111111, 111111 1 1111111
111111111111111111 nim 111111 111111. 1111111111111111 1111111 11111111
1111111111 Sandomierski i 1111111111111, 1111111 111111 1111111111
111 111111 11111111 1111111111 Κ1111111111, 1111111 1111111111 1111-
111, 111111 111111 1 11111 1111111111, 1 1111111111 1111111111 Κ1111111111
1111111111 1 1111111111111111 1111111111 (1111111111 1111111111. Sami 11111111
1111111111 111111 1111111111, 1111 11111111ῃί1 111111111111111111111 111111
111111, 1 1111111111 1111111 111111 do zjazdu Piotrkowskiego 111111111111
1111111 postu, 111111 1111111 111 11111111 1111111, 1111 111111 Κ111111111
1111111 1 Ρ11111 111111.

 

