662 1111111 11611 11110111 111 111111111111.

1111111, 11111111 11 11111111111111 11111111111111111111 111111111111111111111,

111 po 1111111 11111111 111111111111111 111111 1 11111111, 1111111111111111111
1111111, 1111111 1111111111 11111111 w (11111111 111111 1111111, 1 111111 1111111
111111 1111111111111111111(1111111111. 11111111111111 1111111111, 11111111,
1111111111 1 1111111111 111111, 1111111111 1111111111, 11111111111111111111
1111111111 1111111111, (11111111111111111111111111111111111 1111111111, 11111111
w 1111111111 11111111111, 11111111 od 1111111111 11111111 prae i 1111111111
1111111, 1111111111111 (11111111 11111111111111111111111, 11111111 11111111 1111
11111111, im 1 111111111111 111 11111111, 1111111111 11111111, 11111111 11111
111111 11111 11111 1 1 drugimi 1111111111 1 111111, 1111111111 1111111111
11111111 powszoohnego, 1111 1111111111 1 1111111111 1111111 11111111, 111111
1111111 1111 1111111 Β1111 1 11111111. Β1111111 1 11111111111111,11111
1111111 (11111111, 11111111111111111111111 111111 1111111, 11111 11111111
1111111111 1111111111 11111111111111 1111111111, 11111111111111,01111 11111
11111111,1111111111111111 1111111111111111 11111111 111111, 1111 1111111
1111101111111,1111111111111111111Ρ11111111111111111111,11111111111111 1
1 1111111, 1111111 1111111 1 11111111 i 1111111111111111111111 1 11111111 1111111111
1111111, 111111 1111111111 1111111111 1111111111111 1 1111111111 1111111111
11111111111111111111111111111 1 1111111111 ’1111111 Ρ11111111111111111. 1111111
111111 1111111, 11111 1 1111111, 1 11 1111111111111 111111 11111111. Amen.

 

