ι0000000 0000000 00000000300 od ‘epomesom 000 00000 000000 00000000
00000000 (000000000οθ 000000 000000 000000 0000) 0000000 00000000 00000 000 000
600000οΙ 0000000000 000000 03000 00 0000 0 0000000000 03000000οᾶ 000000 -
00 000001 (0000000000 000 0000οθ 000 000 00000 d 00 0000000 000000 M 0 0
ι0000000000000000000 00000003 00000 000 00000000 0000000000 ί0000000(Ιο 000
000000 000 000 00000 M ί0000000 000000 ι00000 00000000 0 000000 00οθ000
03000000 00 ι0000000000 00000000 4000 M 60000000 0300 00000000 000
ι00000000 0000 0000000000 0 0000000 00000 ί0000000 00000 ι000000 00000
0000000 θο 000 0000000000000 0000000 00000000 0000000 0 00000000 0000
0000 0300000000 00000000 0000000000 000000 03 000000οΛ0 ’0000000000 000000
-0010 0 00000 000 00 0000 0 ι00000000 [0000000000 0000000 00 03 00 ‘nm
0000000000 ί0000000 00000 0000 0000000000οᾰ 000 ι0000000 0000000 0000000000 0
000 (0000000000 00000οο00000 0 000 0000000 *0000 00 0000 000 M 00000
0000000 03000000 ’0000000 00000 000000000οο0 00000000000003000 ‘meu
-00000 0 00 0300000) 0000000000000 000 0000000000 ι0000000000 000οθ0000
Ι0000000 ι000 M 03000000 ι000000000000000 0000000000 00000000 ’000000
-00 03000 0000000 ι00000000 0000 000 000 ’00000000 0000000000οᾱ 00000 0000
0000000000 [0000 0 ι00000000 0000000 6000000000οΙ 000 0000000 0000000000
-0000 000000000οο0 00 0300000 ι(00000000) 00000000 0000000 ’00000000
0000000100 000000 0 0 000000 0 0000000 0000000000 0000000 00000 0300000000 0
ι000000οΙ 0000000 000 00000000 0 0000 M pod [00000000 00000000 0 000000
00000000 0000000 od 03 00 ι00 00 ι000000 M 0000000000 000 00000000 000000
00000 0 0 0300 00000 0 0000 03 00000030 0000000000 000 0000000 000000 000
000000 ι00000000 0000 M 0000000000ου 000000000 ί0000000000 00 000000

-0000 00000000 0000 000) 00000000 00000000 0000 M 0 ι0000000000θο
000οθ000 0000000 0000000000 03000000 ί(0000000000 00000000 0 0000 000
00000000 00 0000000 000000 00000000 0000000 0000000000 000 00 00000000
000 0000000 0000000 0000000000 ι00030 M 000000000000 ί0000000 00 0

030οη0000 00000 0000000000οι 000000 000000 ,00000000 0 ’0000
-00 00 0000000 ’000000 000000 030000 00 00003000 ’0000000000 0000000000 000100

0000000000 000 0000003 [0000000000οΜ 000000 0000000000 0000000000 000000
,00000οΖ 00000000 M 0300000000 00001 00000000 [00000000 00000001 0000
-00 0 00 *00000000 0000 0000000000 000 000θο 00000 000000 0 00000 00 000
-000000 0300000 00000000 M 00000000 0 00000000ος 0000000000 ι0000000οΖ
000000000 M 003 (0000000000 0 000000 000 00000 ι0000000000 M 000000
0000000000 00000 000 od 0000000000 000 ,00000 00000 000000 ’0000000
000 0000000000 [0000000000 00000 0000000 Ι00000000 0000 ί0000000οΙ 00 00 0000000000

63 ’0000000000000 0000000000 ’00οΙ Ἢ

 

