1111111111 1111111011 ’111111 11111 1 ι1111111111 (111111111111
111111111111011111 11111111111111 (11111111111111111
(11111101 ’0111111111111 1111011111 1111111 ί1111111111111111
-1111111111101011111111111 1101111111 1111 ι0101111111013
-1 M 0110111 111111 1111111 1111111 1111 11111111 1111111 1101010 1 111111
ι1101 0101111111 1111011 11111111 1111111011 11111 1 11111111111111
11111101111101111011 111111111111111 1111 11 (1111111 1 1111111111111
111111111111011111111111 1101111 11011101 1111111 11111 (11111011
11111 0111011 1111111131 M 1111111111 1011111 111101 1111111 Δ11111111
111111 111101110111111 (11011101 111111 111 1111111111101 1111111111
-1111 0311111 0 ι11011111010111 11111110111111101101111 ι11011111 1
1111101 0111 111111 111101 111 1111111111 111111 ’11111111 11101111
-01111 (1011111111111 111111 111 101 1111 ί111111 1 0111011111111 1111111
111111111010101111 1 1101 01111101 (111111 11111110101 11011111 11011
11111111111 ’11011111 111 1111111101 11110111111111111111 ’1011111111111
11111 11111111111111 111 ι0111111 1 111111 111 111111101 111111 ι111
-11111 111 1111011 (1111 1111101110 1111 1111 1111 1111101 11111111111111
11111111 61111111111 11111 1111111111 1 01111 ’1111111101 11 111111
-11111111111111011111111 1 ι111111 M 11 1111011 1111111111 1 1111111)
01111111111 1111 (1111111111 11111111 111101 111111 έ11111101 1111111111
1111111111111 11111 11111 1111111101 1111111101 1111111011 01111 11111
-01111 ’1110101 110111 1 11101 11111101 (1111111 11111111 1101111 1111111111
111111 11111101101111101011111101 1111111111 ι1111111111 1 1111
-1011411111111 1111111 1111111 01111011111111111111111 ’11011101 111111
’1011111111111 111111 111 1111111110 (1111110111 1 1111011111 1111111 1111101111
-10 “111111111111 01 1111111 1111111111 1111 11111111111111 ’11111011
-1111 1111111111111 1 111111111 11 11111111 1111 011111111101111 ι1111111
-1111111111111 01101111111 1111 1111111 11111111 11111111111 ι111111 1110111
11111111111111 1 1010101111 111111 111 11111111 11111 1111111 1111111111
111 4111111111 1111 111 111111 111111 11101011 111 111111 ί111011 1111111111
-011111 (111101 1111111 111111111111 010101111111111 1111 1111101 11111)
1111111111 0311110111111111111 (1111111101 101 0110111 11011 111 1111111
111010 M 11011101 111111111 0111111111 111 ι1011 111 111110311111
1111111111101111 11111111111110101 1 1111111111 1111110111 111111110111111
1111111 1111111101 101011 1111111111 ι1101111111 1 1311110111011 (11011
-111 01 11111 11111 11111 111101 11011111101 11111111 11 11111 1 11111111
1101111011) 1111101, 111111101 1111111 11111 1111111011 11111
1111 11111 11111 ’11010111 01 11110111 ς1111111 101111111011111101)
1111111111οά ι1001111111101(110111111111111111101111(11111
-1 M 1 111111111111111111111111110101 1 ι111111111111 1111111111 1 1111111111 1

191 111111101111111 1111111111 ’1911 ‘a

 

