11. 1461. 1111111111 1111111111111. 451

11111111. 11111111 1111111111 1111111111 1111 11111111 11111111111111111-
111111 11111111, 111 11111 1111111111 11111111111111111111111, 1 1111111111
1111111111 11111111 11111111111 1111111111 1111111111 11111111111. 11111
11111 1111111111 111 11 111 1111111111. Α 11111111 11111111111 (in 111-
11111111111 particularibus) 11Ν111111 11111111 Κ111111111 1 1181111111
(111111 1111111111 Κ111111111 11111111, 111 11111111 11 1111111 11111111 11111-

dem 111111111111 1111111 1111111111 11111111, 11111111 11111111 1111111111111
1111 111111 1111111111, ’1 1111111111 11111 1111111111 1111111 1111111111 nd
11111, 111 111 1111111111 1111111111 11111111 11111111111111· 11 11111111 1111·
11111111 11111111, 11111 11 11111111 1111 11111 11111111111111111; 111111111-
1111111111 1111111111 11111111, 111111 1111111 S. J 11111 11111111 111
11111111 111111111111111 1111111, 111111 1111111111111111111Κ11·
1111111111 111 11. 11111111111 1111111111 11111111 Κ111111111, 111
1 Κ11111111111111111 1111111111111111111111111111111111 Nowego
miasta, 111111 1111Κ1111111111 1111111111111111111111. 1111111111 11111
dla 1111111 1111111111 111111111111111111, 11111 11111111 im 1111111111
w 11111 11111111 1111111111, 111 111111 1111111111 11111 1111111111· 1111111.

1111111111 1 1111111111 111111111 1 11111111 1111111111, 11 11111 1 11111 11·
novo, 11111111 11 111111 11111111111111 11111111111111, 111111111111111.

11111111111111111111111111, 111111111111111111111111111111-
11111111, 1111111111, 11111 111 11111111, 11 1111111111 1 111111 11 111111
1111111111 nio 111111. Ρ11111111 11111111 111111111 1111111111, 11 11111 sam
111 1111111 11111111, 1111Ν11111111111111111, 1111111111 11111111 11111
niego 11111111111, 1111111 1111111111 1 Ρ111111, 11 11111111 111111-
111111, 1 nim 111111 1111111111 Ρ1111111111111111. ’1111111111 111, 111111
1111111111 111111 1111111 111111 1 11111 1111111 1111111111 1 Κ1111111111.
111111 1111111111 11111111 1111111111 11111111, 1111111 1111111111 11111,
1 11111111 1111111111 (11111111, 11111 go 1111 111111 111111, 1111 1111-
111111Ι 11111111; 11 11 mu 111 nie 1111111111, 1 1111111 (1111111111111
111111111111111111111111,11111111111 111 1111111111 11111111 1111111.
(1111111111111111111 1111111 1111111111 1 1111111111 11111111 11111111 1111111
nie 111111, (11111111111111111111111111111 go i 1111111 11111111 1 811-
1111111, 1111111111111111111111 Ρ1111111111111, 11111 1111111111111
111 Κ111111, 1111111111111111111111 11111 11111; 1111111 111111111111
11111111111111111111111111111. 11111111 1111111 tego 1111 1111111, 11111111
1111111111111111111111111 111 111111111, 1111111 11111 111111 11 1111111
11111111. (1111111111 1111111 1111111, 11 go 111111111; 11 11111111 11111111·

 

