208 ’ 1111111111 111111111111111. 11. 1456.

11111, 11 11111111111111 111111111111, 11111111111 1111111111 1111111·
111111 111111. 1111111, 11111111111111111 111111111111111111111111111,
111111111111111111111 (Alba regalis 11111111) 11111 111111-
11111111111111111111111111),1111111111111 1 1111111111 11-
111111, 1 111111111111, 11 11 11111111 tego 111111 11111111 1111111111111
1111 1111111111 1 111111 1111111111 1111111. 11111111 11111, po
111111111111 11111111, 11111111111111111111111111111 1 1111111111 111-
1111111111111111, 11111111 11111111 1111111111111111 1111111111 111
11111111111111111, 11111 11111111111111 111111 11111111111 11111-
11111, porti 1111111 1111111111 Sam 1111 1111111111 111 1111111111111
11111111 111 1111111 111111 111111 11111111. 111 111 11111111, 11111 111-
1111111, 1 1111111111 111111 111 Κ11111111, 111 111111111111111111111111111,
11111111 111111 111111111111111111111, 111111111 111111111111111 1111111111
111111111111, 1111111111 1111 Η111111 111111111111 11111 11111-

1111, 1111111111111, 111111111111111, 1111111111111 11111 1111111 111111- ,

11111 11 11111. 11111111 Η111111 1 11111 1 111 11111111 11111111111111- 1
111111, 11111111 11111111 111111 1111111 111111111, 11111111111111111
1111111 111111 11111111 11111111, 111111111111 1 11111111111111111 1111111
111111 111 1111111111111111111111; 111111111111111111111, 111-

11111 Κ11111111111, 111111 11111 Ρ11111 1 0111111111 11111111111·
111111 11111111 111111 111111111111, 1111111 11111111, 1111111 11 11111-
111, 111 111 1111111111111 111111 111 Bul grad 1111111111 11 1111111,
1 11111111 111 1111111111 11111111. 01 111111111 111111 1111111 111111 ’11-
111111 1111111111, astu 1111111111 11111111 1111111111ήί 1111111111111
1111111111 1111111111 111 111111 gruuuuh 1111111, 1111111111111111 111
11 111111 11111111111111111111 111111111 1 1 1 11111111111 11111111 albo 111-

11111111 11111111. 8111111111111111 1 11111111 1 1111111111 Ρ11· u

11111, 011111111111111111111 11111111, 11111 11111 111111, 111-
111111111111, 1111111 1111111 1 11111 11111111, 1111111 111111111111,
1111111 11111111111111, 1111111 1111111111111111111 Belgradu.

011111111111111111111, 11111Β111 1111111111, 1 11111111 1111111- ’

1111111, 11111111 11111 1111111 11111111 1111 Ρ111111, 1111111111111-
111111111111 1 1111111, ludu grubego i nieuusztauonego, 1111111 111 111111
1111111111 11111111, 1 11 1111111 111111111111, 1111111 1111111111 1111111111

ι ⁴

11111 1111111, 11111111 1 11 1111111 (1111111111 11111 11111 111111 1

11111111, 111111 1111111111, 1 111111111111111111111111, 11111111 11111

111111111 111 111111111111 1 1111111111111111111 11111111111111, 111111 ,
1111111 111111111, 1111111111, 11111111 111111111111111 1111 111111 111111 5
1111111111 1 1 111111111111 111111111111.” ’11111 1111111111111111 111, 11 1
1111111 111111111 1 11111111 1111111 111111111111111 1111111 1111111 ³

 

