01418. 00000000 010000000οΥ0. 251

,100000 0000000000001010100, 110 111000· 0000010100001011001010 Ρο1-
,011101 100001 0010100011, 000000 0100001110 010101010000001, 010 01010-
,1110100 01000100010010110, gdy 0101000000 0001000 0101000000 01010011
,1 0000101011 00010110, 1010101, 00010 1 0011000011 0000001, 111000 0 0100
,000 0101010000ιο 00000 010100οη0111 00 000000 ja 0001100000, 010010 11
,0100 001000, 1001010010 000000, 101 010100οη0 0100000011 1 0100000
,0000101011 1 000 000000 10000010111 0010101000 01000, 0001100010
,1010100 00101000. Ρο01100 00000 Ρ10010, 111001100100010010101010100-
,0001 100110 11110010οΡ01011000, 00000 0101001 Κο0010100 0000000-
,00011 00000 110010 01011 1010100001, 01000010 00001011 000100001100,
,1 1110110100 0100, 0001001001 010 mogo. Niechaj 00001010 0111010 0010-

,00, 10 0 1001 01000000 01010010 01000, 10110 0010, 10010 mojej i 00000 Δ

,0010 01010 10 000100100001 10010010, 0 0111010 000 000000001000101000
,1011 1100000011 0 0000101010 10 ezeeh 00010010 010 00110001. 100000
,001011 0001001 1 0000010 1100100000 0010010- 000101 0100001001000100-
,10101 010 0010010, 0001000000 00000100 0010, 1 00000100010 00000111-
,010 10 Pan Β1001010000000, 0100001010, 00 mi 001010 0010 0101100, 00010-
,00100001 000000 0100000 000000, 1001000011 10010 0000 0 100001 0010
,00001010001100101.“ Na 10 J 00 Iskra: ,10111 00011, 00100 Ρ10010
,1001 1011000110]Ι 11110101 0101 00 000000101010, 000οό1, 00100010 10 Prus,
,1 0000111001, 0010110 0101001010 0000, 1011001 (0000001001οο 110001,
,111000 001010 10 01000 0100010000, 00 01 000010100οἱ 100010) 0 100100
,1101100100 10000 10100 00010000 010 ja ut}umi6.“ 1000010111 010 101110
jego 1010010, 1 10001 00 00000001 10 Ρο00, 0001000000 go 00100000
0000001110 000000 00100100, 001000000, 10101010 100001 00101010 0 100·
000010 101010100001 0100001010 10110, 10 010100100100 00100110110100· 000-
0001100010. Po 00101010010000000 0100 000011, 00101010 krol 11001-
01000 0000 0 1000 10 11011000, 00100 0001000010 tego wszystkiego, 0010
0000100010 0001000000Ι 00100 0 1000001 1010 0100111010 0011001000. 100
001 Iskra 001 0001000 010010 1010001100Ι 10 Ρο000100100000, 000001 00-
00 0000110 0 01010000 1 0010000 01000010 1 011010, 010 Βο00001
8000100011 1 1001 00010101 01000 0000010000· 010001100101000011. Bar-
dziej 1001001000 1 0001001011, 01111 0010 00000 010010000, 0000100010
00001001 01010001Κο0010110, 00101001010110010 000010οη100, 1111010
1001101000, 10010 01110010.

 

