9999999999 999999 99939 M 99 93999 9 9999 (99999999 999999 9 99999999

-od 9 99999999 9999999 93999 op ‘emozossqezsffi 9999999999 9999
-999 9 99999999 99999 ,9999999 9999999 9 99999999 M 99999999 9999 έ9999)
99999999 99999 9 999999 9 999999 op 999999 9999999999 999 99 9999999
999 999 99999999 999999 9999999999 999 9 (9999 9999 999999 99999 (999999
-99 9999999 9399999 999999 99 9999999999) 999 9999999 9999999 M) 99999
999 9 99999999 99999 9 9999999999) 99999 999999 99999999) 99999 9999)
999999 op 9999999999 999 9999999999 99999 999999
ί9999999999 999999 9999999 op 9999999 999 9999999 9399 9999 ι9999999 999999
-999 9999 99999 9999999999 9999999 999999999 9 ι9999999 999 9999999
9999999999 9999999999 9999999 999 9999999991 9999 9 (999999 9 9999999
9999999 9999999999 999 9999999999 9999 f 9999 999 ’999999 99999999999999
99999999 99 999 99999939 9999 (9999999 99999 999 9 9999999999 999) 999991
99999 999 99999999 999999 99 9999999999 999999 993999 9999 99999999 99
99 999 99999 (99999999 99999 999999 99999 9 99 9 ί939999 99939 M 999999
99999 99999 9999999999) 99999999 999999 9999999 9 99999999 9999999999
99999 9999999999 9999999939 M 99999 999 99999) ι99999999 99999999) 999
99999999 99999999 99939 M 99999999 99999999 999999999 999999 999 ι9999999
999999 999 99999999 (999999 9999999 99999399 999999 9999999 9999999999 99 999
93999999 99999999 999 99999939 M 999 *99999999999999 999999 ι9999999999

99999999 9 99999 99999 (9999999 999999 99999 99999 999999999θῦ M po 1

99999 9999 9 (99999 pod 9999999999 ι99999999 9999999999 999) 999999 9999 (99999
99 99999999 999 699999999 99999999 9 9999999 99999 9999999999 9 99999999
99999 999999 99999999 999999 9 99999999 999999 999 9 9 ι9999 99999 99999999
-9999 99939999 6939999999ἓῦ M 99999 99999999 9999993999 9999999999
9999999999 9999999999 999 69999999999999999 99999 ’9999999 9999 99999999
ι9999999 9 99999 99 9999999999 999999 ι99993999 999999 9999999999 99999999 9
9999999 9999999 (9999999 [9999999999 99999 99999 ι999999 99999999 999999 9
9999999999 9999999 93999 op 999 9999999999 9999999999 99999 99999
-99 99999 999999) 9 9999999 99 99999 9999999999 99999 9999999 99999999
9999999 9 9999999399 9999999 9 ί(9999) 9999 99999 9999 9999 9999999
999 999999 9 ι9999999 op 9999999999 99999 9 99999999 (9999999 999999 99999
999999) 9999 9 999999999 99 9999999999 9 999999 9999999 99939 M 9 9999
9999 (99999999 (9999999 9999999999 9 9999999 9999999 99999999 999999 999
-99 9999999 ’999999999999999 99999999 999999 9 99999999999999 99
99999 *9399999999999999 9999999 999999999999999999999 99999999οά9
9999999 99999999 99999999 99999999 9999999999 ι999999999999999 9399999 (99999
-99 9999999999 9999999991 9 999999 99999999 999999 op 999999 9999999999
99999 99 939999 f 99999 9999999 999 99999) 999999999999 9999999 99999
-99 99999 99999999 999 999 9999999 9999999 9999999 9 9999999 9999999999

‘891v1'fl 9999999999999 9999999999 999

 

