VI

0116001111 011. 1111111. 101601 11111111 Ρ1111111 504. 511. 516. 605

01961111 ob. Przedwbj. 614
0111000011 (0101100111) 489. Ηο01111 111. 81111. 333. 395. 411. 412. 417. 421.

0110 1. 0111111015 111. 533. 426. 503.

, 0110001111 ob. 110. Ηο01111 Ρο6101111611111011090110111475 477.
01001 133. 494. 498. 519. 523. 551. 570. 633.

010011567. Ηο011111. Lippa albo 11111111 1111110. 111. 01 137.
0106011 m. 72. 88. 97. 260496.

010600 m. 6. 52. 75. 109. 363. 380. 496. 514. 545. Η101111111111. 1119110111. 584.
586. 593. 11001111 11110111 01161111. v. Lippa.

0101101101626. 627. Ηο01111 11111110 (10111050) 142.
01011810101265. Ηο01111 1101006019 137. 142.

0101 01010111 1 600090 0111111 320. 340. Ηο01111 11111011 366.

0101 ob. Piotr. Ηο01111 opat 1011111130. 372.

0111611161 m. 146. 167. 192. 199. 200. 631. Ηο01111111.Ζ11111110111 0. Mnnsterbergski 553. 50

0110101111111 ob. 1111. 634.
01111111 111. 111. 111. 1111111 brat 1111 ks. zegas. 550.
011090111 311010 111111. 11160111. 58. 218. Ηο01111 emi 111. pol. 561.
01119011 18100111 110111. 1111011. 75. 143. 574. Η101111001100011011011411422.
618, Ηο01111 1101111 (61010110, 1100101100) v. Ρ111110

01119011 601011 (80501011) 151. 11. 1111111011 Κ1111. 367. 449.

01109011 110011 352. Ηο01111111116011.Η11600111 462. 477. 491. 520
01109011 Η11011019446. Ηο011111 81011110 pose} 01. 502.

01109011 ob. 9116110. 11101111 110901101515.

0111061011 ob. Jan. Ηο101111111 111523.
011100 w. 561. Ηο11111101 11111191. 1111111 617.

01100111 10011 11. 561. 110111011111111100 011. 11111011111111011.
01111161 111. 537. Ηο10110 2911011 (8111111109)309.
1101111101 111111. 0111011. 447. Η16110110111001011111 111111. 398.
’ 1111100110 1101511111 11101011. 278, 283. 315. 338.
E. 340-342. 344. 347. 351. 359. 407.
Η100111 1109001 111111. 81060111. 196. 228. 367.
Ηο61190101 (Εο119011) 0111011111. 110. 184. 201. 1110110 Ρο6105116 111. 21011110. 454. 497. 607. 633.
285. 310. 397. 398. 443. 450. 488. 499. 634.
Η11061119 m. 625. 11010110111101011.
Η1111111 1101011386. 11011106 111. 1 11111. 146. 360. 406. 434.
1111101 m. i 11111. 49. 50. 574. Ηο111110 111. 403.
Η101010101010 111. 397. 417. 418. Ηο10610 111. 43. 45.
11101111 za! ob. 11111 2110. 601011 421. 422.
Η101111 91101100 395. Η116111111.111110011111111111.532. 547. 569. 589.
1111010 (01010) 111. 526. 615.
1106100111 011. 1111. 11116111010111. i 11111. 479. 498. 508.
Ηο111 1. Ηο90 80101109 1106110111. 06111. 483. Η1110100160 111. 139. 325.
1101116019 (Ε101111119) 111. 146. 403. 537. 572. 645. 11116110 11101111. Ρο601. 42. 7588.
646. 11119016 8110101 577.
11011101 ob. Chodorowski. · Η11119011101111106 1 Η1111911101111106111.498.
Ηο1001 061111 17101. 111. 11110111. 1111. 1111001 1 01110 11110116 ob. 1111.
roga 111111. 1616111110. 243. Η11111111 ob. 1711611110.
Ηο00109 11111. 1011101. 362. 1111100111110 0111111 ’111το0. 536
11001111 v. Plauon l. Ρ1100111111 10011111 11016111 1111110185.
11111111 Pruski 31. 160. 264. 272. 309. 353.
360. 370. 378. 406. 409. 416. 428. 439. 465. 1,
482. 500. 504. ’ .
Ηο01111111. (1109. 1 Κο10011. 322. 462. 464, 1611 8001160111112. 171. 174. 566.
Ηο01111 110 Η101. 111. 0109. 464. 581. 191101 (1619101011) 1οῑ 60.
Ηο01111 111061101019 (1110111001111119) 11. 1101111111 111011011101) 111. 1 11101. 231. 240. 461. 528. 533

 

