11. 1455. 1111111111 111111111111. 181

1111111111 1111111111 11111111 minuta 1111111,11111111111111111 1111111111
v 1111111 1111111 1111111111 11 1111111111.

11111111111111111 1111111111, 111111 1111111 111111 Κτ11111111111,1111·
11111111 11111 1111 1111111, 1 111111111111 111111 11 1111 1111111 11111
11 Τ11111111, 1 1111111 1111111111 1111111 1111111 11111111. 11111
1111111 11111111111 11111111111 1111111111, 111111, J 1111111111 1111-
11111 1 1111111 111111 1111111111, 1111111111 1111111, 11 1111111
1111111111 11111111 11111111 111111111111111111111111, 1 111111111111111111
11111111,11111111111 111111 11111111 1111111111111111, 1111111111111
11111 1111111111 J 1111111 1111111, 1111 11111111, 11111111111111 11111 ·
11111 11111 111111111. Β1111 111 111111 1 1111111 111 1111111 1111111 1111-
11111 1111111111111111, 11111 go 111111 1111111 11111111 1111111 Toru-
111, 1111111111 1111111111 11111111 11 Β1111111 Szumborskiego,
111 11 1111111111 11111111111111 1111111, 11111111111111111 111111
1111111111, 11111111 111111 1111111111,1111111111111 1111111111 111111111
1111111111 1111111 11111111,111111111’11 1111111 11111111111111111111 Β111111
1111 111111 11111 11111111, 1111111111111111111111111 1111111111] 111111.
1111111111 11111111 111111111111111111 11111111111 1111111111 1111111 111111
1111111 1 11111111 11111111, 1111111 111111111111 11111 11111111 11111111
1111111111 11111111 1 1111111 11111111 1 1111111111 111 1111111111
Ι1111111, 11111 11111, 11111111, 1111111 111111 111111 1111 1111111111,
11111 1111111111 111111111 1111111111, 11111111111111 111 1111111111 111111
11111111 111 11111, 111 1111111 11111111 1111111111 11111111111111,
1111111111, 111111 11111111111111111 i 11111 1111111111111111 11111
111 111111 111 11 1111111 111 11111111. 011111 11 11111111 1111111111111
111111111111111111111111111, 11111111 1111111 1111 11111 11111111 111111
111111 1111111111 11111, 111111111 1111111111111111111111111, 11111
11111111111111111111 111111 go 1111111 111111111111, 11111 1111111 11 111111
111111111111 11111111111 ; 1111111 111111111111111111111111, 1111111111
111111111111111111111111111. 1111111111 1111111111 11111111, 1111111-
1111111 11 1111111 11111111, 1 111111111111 1111111111 1111 1111111111111111111
11 11111111Κ111111111111 11111111111111 1111 111111, 1111111 1 1111111111
111111, 111111111111 11111111, 1111111111· 111111, 1111111 11111 111 11-
11111111111 1 1111111111 1111111111 1111111111. 1111111111 111111 1111111111
’1111111111 11111111 1111111111 w 111111 11111111 11111 111 1111111
1111111111 1 11111111111111 11111111111 1111111. [111 111111111111111-
111111 111111111111111111 111111111 1111111 111 111111111111 (11111111
1111111Ι 11111111 1111111111111111111 111111111111111111 1111111

 

