144 4444444444 4444404444. 441454.

4404 41444 Ζ 41041044 44444444 1 410440 Κ404044041, 4 gronam 04444-
4441 4440414444 Krakowskiego 40401044. 4444 44410444 044444 004404
’Βο04 1 4404444 44 0444444 04440, 040444444040 ja do 044404 444044041ος0.

· 4044441οι10 4 40444044 41444444 1444104404· 40144404.

W 4404004444, Ν10441040, 4 44104 S. 80404404 441, 410144 410444
044441 114440404141 1 441044000404141 00404444 040 004400444,
44411 Ζ 41441044 44444444 1 410440 Κ444044041, 044404 J 44 4404410440
44410441040141 1144141044041 4441041, 404041044 1 1414410010
4144 4144 44444 44 404 004400400 400440 0444410 44 40 00444414. 44444444
40404414 04444044 0400104444 444 0444040441444, 40 414044 44 J'ego 40401040
1 44000441 410 40140 4440 44410444 8444404444 4404410440 444 0444404 04404
4444444 404400011444444. 44104044 40444440 04044 4044410104 444140404 44444-
444444 0400044, 40 4444444041, 4440 0444404044, 0440440 44104440 010440404-
04440. A gdy 000404 44404444 410 444044 4040 4 444 4414 40404, 40444440-
40, 444 00 404044444410410 4440440401 4444 010 0444104 40 144444, 0400410
444Υ 444 404 044044044 J 44 Κ4 0104444, 444044 444401 4410404404, legat
4000404041, 40004414 44444000 0444044. Ten 0444444444 40 4444 4441040410]
0404044444 44440440414044044, 40 4404410440 441044104041 4444040
410 4144 04444, 4 0440014410 444444441 410440 444404041 00014444 400
4400444 00444044414 404014 40401040 8444404404. 44404 0441440444, 40
410 0444040οἰ 40 4441040414 8444440444 4444040444, 044144 40 Zbigniew
44444444 1 410440 Κ4440440141 44 444 40 tego 4444440 400444410410. Tym-
044004, 44 01444 4404 0004444, 44444444 4 0444444 04444444 4404044440. Ρο
0404040404· 444 4044 44410404, w obeo 1410440444 4400444010 0444444404, krol

. Kazimierz i 44410444 44441044 0440440111 40 44444. 4444 444 4 444-

01044444, 4440444444 4410140 004040, 44144 04 4444444444 0044040410
40 0040040414 44044 1 1444404444 4441044104 4444040414. Ρο0444, 044 sam
04404 010 410 4444 444044010 40004410 0444044, Ι4440 4044444010410001 Nie-
mieckiego 410 44144044, 044040 44404044 444 4040444 go 44444444, 44444
44144 404440 044 40 404441. Ρο 0404040444 414410, 4404410440 (441044104-
041 0444044010044 40 0444444, 0440144444 44101414 0040100404, 4044404444
44404444οθ40 444 41004044, 4040 44044044, 44 40444414 144044 44104000,
1 44004040 44441040 44 44440444 Ρο4040 44444014 1 4040404444. 044 441
4404004404 44 4440404 1 40444404 04400044040. 44044004 0440410 Wegier-
004, (140004 14404444004 0440440441 0040440444 4411 44410444 044-
44404010; 4 4 Ρο4104414404 00 S. 44110441040044144041 4004144441οο
4444044044 4444044441, 44444 4 0441441, 44440 40444 44410444 40 40104104·

 

