3. 1414. 3313131333 3331333313333. 143

33133 13311131331311.11113331331331333333331333313, 01313-
31331 8133133. 11111 131 33 03331131, 3313313133 po S. Dorocie, 31111
313 31331 13 Κ331333; 313 3 33313133133313 131133311313 3313313313 313
13113333 3333333333 3333 3 33313 3333311331 13333 1331 131; 33 33 311311-
3311 13311331131 1333331333 13131131, 313313133 313, 33311 13113131313331
1333131313 3331333 1 313 3311131 3331331311 1131 333113131131 33133113. 113
13331113 1333133133 331311, 3131111 133133 131333 1333333 13311331 1 31-
31331 33 1313113313 3 1311133313 31333131313 33333333331 11111311.

113331 33113 13131333331 3131 13331131131313 33131313 131313, 33133-
333131311 33313111313311 3333331311. 1113 11113 113311 133333 3131131113
33133331313133331 3133131131333133 11311. 111313 1331 33131313, 3 33
131313 13131 3131333131 3313 3313 13333113331.

1113311111111133333333331 131131331313133 13 1331333.

11831313, 313131 1111313311, Kazimierz 1311 131311 3333
3 33113 33313 131133313113, 13333 3131113131333 (1313131313113
1 1311333313, (1133133333 333111313133 13333113, 133333 1133-
31333113, 1313331313 1333313113, 1111313133 1333313113,
1131313131, 3333 31311311331333313113313131113 1333311131, 1133133313
1313133133 113311333113, 1313131 1133133331 1 133313 1313131331
0131331331131, 313131313 13313331 1311313111 3333131 1333131133-
1133313 hora), 31133133331 33 1133113313 3331 33333333331, 13113331 1111-
11311, 1331131 13 3 33131313 1 333313 133333. 1131331313 1 3333133313
31133313131311 Κ331131333 3 333113 1331133313 131313 113313, 111
3333 313113, 33131113, 31333313331313133131111333113, 13133 1331 331111131
33313311 3 33333113 13131311333, 33 331311313131 1131331 3333333131 3131131
3331333. 13333313311313 31113 1333313113 1 3131111311333313131331, 31·
3131113331 3333 3 33331 1131133131 331331331 3313 1331133131, 3131313133
313313, 11133333313313133311311313. 1113 3113311313 31311 131313131333-
331313131 13113331131, 31 3333 1331333 13 31333333133333 313331 13131 33-
33131 13 131313 311313, 1333133113 3131311, 3 31313331 33313113313333311.
Ze 3331311131 1313131113 133131313111 1133333313, 3 3 313331 333131113 31331,
33 1113113313 13113331; 313 3111 313 31111313313331 33131333 3 1113133131
313333131333333, 13331331 3313333331 1111 131 3313113333131 331313113
domu. Ρ3 3331333113 1331313313 1 3313313 33113 3311, 13113 1111333 331313
3333333333 131133313111111313 13 33313 133333, 11331 31113313 1331,
131 13 3133333331 1113 313111313 1331333 3311313 13131313 33133 1113 133111
133131) 31313313 13 333313 Κ33133311313, 1131313 3133133113 1313131·

 

