11115151 ks. Opol. 292. 546. 576. 581. 1155651155 55. 1111165155.
11115151 11516155111151151. Krak. 297. 11515Ιί11 54.
11115151 Ρ1515511151Ι 515. pol. 389. 11595511551111513.
11115151 Ρ11555511 11511. 611511. 396. 405. 450. 483. 1151651159 (11165559) m. i 15111. 146. 353. 403. 482.
11115151 8551565511 511. pol. 568. Ν55γης5 (Nerua) w. 387. 391-399. 434.
11115151 11551511655515111. 8511115111. 559. 1151151561 (1515051151) 114
11115151 0111111515 421. .. · Ν15115 1515 430.
11115151 1565551511 51511. Κ51111511155.1.Ρ51151. 465. 1116555155. Neidburg.

522. 523. 648. 650. 111551111ὀν1115111511. herb. 319.
11115151 0511551555. 5151. 1551155155465. ΝΙο61ν115615 111156111115615) 111. 202.
1111515111111119511, bisk. 1155111111. 1516111 Κ511115- Ν151Ι515115111.182.

11155. 459. 529. 597. 542. 572. 583. 585. 603. 11155151 325. 463.

604. 605. 606. 611. 640. 641. 642. 643. 645. Ν1511551 55. 1115111155.

646. 648. 649. 654. Ν15111515 15. 467.
11115151 8151, 115511. 0111551111. 474. 479. 502. 1115115155 (1115151551) 15111. 68. 93.
11115151 8511155151, 01555. 551.. 1115111155,1151111 1151511 Κ555151195. 97. 106.
11115151 015115 1511515111, 228. 11151151οωί55 111111511161. 33. 66. 217. 295. 351.
11115151 1115115556551 (1115156551) 229. 387. 454. 487. 539.
11115151 8555511551, 1511. Ρο111. 647. 1115515115 m. 115111. 105. 145. 176. 179. 184. 263.
11115151 1851551115, 502. 264. 604. 611.
11115151 1515115511, 551551. 85116515. 4. 245. 269. Ν111111 syn Chobdy, prob. Kruszw. 53.
11115151 1555555511, 511. pol. 260. 620. 622. 623. 1115155151 qu. 536.
11115151 1 11111115, 1151511. 555115. 522. 524. 537. 1515511138. 541. 545.

, 582. 599. 605. 644. Ν1155 m. 526. 527. 532. 533.
11115151 05555111, 522. 115151, 5611515 111511 239.
11115151 01111115 1151511. 8156111511. 522526. 538. Narbon-{onie 650.

561. 1155111155595 m. 168. 442. 558.
11115151 115151515511, 11511. Κ1511. 529. Ν551551555. Kasper.

. 11115151 1515111511 qu. 532. 549. 552. Nowt 11154 31.

11111-111γ11,331. ’15511155115161161

1115115 11151115 430. Ν5ν151 55. Ρ1515.

mitylena (1155511155) 345. Νον15 (11515 51111155 prussiae) 227. 254. 374. 375.

115655 1615, 552. 561. 377. 380-382. 394. 406. 423.

1159115111 11551151, 29. 563. Now· 5515515 11555115 23. 30. 66. 80. 101. 216 -

mmmm mmmffimmmffiffi

Μ51655115115 11511115, 39. 48- 60. 68. 69. 384. 466. 449. 451. 454. 470. 485. 505. 510. 534. 539.

115059556155. 051516. f‘ 563. 567. 569. 575. 595. 613. 622. 629. 637.

, 1151115116, 151511. Troo. 43. 110. 112. ’ 603· 654·

Mon-29, 1111. 146. 296. 191. 300. 308. 504. 0511815555. 6151.

11555515, 01555, 240. 260. 365. 489. 498. 508. 517. 1115611155 511511Τ5151. 450. 488. 632.

545, Ν115611511156 55. 1111165155.

Μ5551115515, 624. ’

1155551515 11511115. 559. 554. 573. 591. 693. 636. ο,

1151651 111. 68. 573. 575. ’ 01515551. 151165.

11551515, suh. 151555. 82. 0655 11. 171. 278. 576. 579. 583. 584.

1111511115 15111, 564. 565. 569. 06555111 5555. 511. 122. 287. 328. 334. 579.

11γ51511155,111., 233. 294. 241. 144. 250. 06551111 5511115151 1 Β1515151115.
06551111 55. 1511.

w, ¹ 06555111 5515111151.
0651 111 589.

1151151515 11511115 301. 01115 15. 0151. 319.
1111151115 301. 0115 5511511551515111. qu. 618.
“mmmmm ommmmm
1155511151. 111. 581. 630. 643. 0151115 m. 57.
1155115165 m. 38. 272. 273. 420424. 01651155 1515515559 85. 164. 652.

1

 

