170 1111111111 1111111111111. 111414.

11111111, 111111111111111 11111111111 1111111111 111111 11111 1111111111.
011111111111 111111 1111111 1111 Wisla² 11111111 1111111 1111111111
11111111 11111111 1111111, 11111 11111111 111111. Ι 11111111 1111111 1111111111,
11111 1111111 1111111111 111111, 11111111 111111 1111111111, 1111111111 111-
1111111 111 1 1111111111 111111 1111111, 11111 1 1111111 111 111 1111111111
1111111111 111 11111111, 1 11111111111111 111 111111 1111 11111111.

111111, 11111 1111111111 1111111111111111111111111 1111111, 1111111111 11-
11111111 11111 111 0111111111 111111111111111 1111111111 1 ι 1111111111
111111 111111, 111111111111 11 1111111111 11111111ηῄ111.

Tymczasem 111111 111111 11111, 111111111111 11 111111, 11 1111111111
111111111111 11111111 1111111 11 1111111111 1 1111111111 11111111 Ν11-
1111111111, 11111111111111111 1111111111111 111111111111 1111111111111111
11111111111 11111111111111 1111111111111111111 1111111111111, 111111-
111 ushlgad Pruskiego podskarbieg0‚ 111111 1 Κ1111111 11111111111111-
11111111 1111111111 111111111111111111. 01111 11111 11 111111 1111 1111111-
11111; 11111111111 11111111111 11111111 1 111111111111111111 11111 1111111111
pisane 11111111 11 1111111111 1 1111111111. 11111111 1111 1111111111, 111
111111 1111111111 Polski, 111111011111111111111111111111. ’1111111
1111111111, 1111 1 11111111 11111111111 1 pole, 1 1111111111 1111111 1111111
1111111111 111111111111111111111, 11111111 111111 1 11111111111,1111,11
1111111111111111111111111111, 811111111 11111111111, 111 111111111111111
11111111 1111111111. 31111111 11111111 11111111 11 1111111111 11111111111111
1111111111111, 1111111111 11111 111111111 1 1111111111 111111111111111
1111111. 1111111 1111111111 1111111111 11111111111111, 11111111 11111111-
1111111, 111 11111111111 1111111111111 11 Boga. Ρ1111111 11111111
1 11111111 1111111111, 11 111 0111111111, 1111111111 1ο 111111111111
(1111111111111111,111111111111 111111111110111111, 1111111111111
1111111111111111, 1111111 1111111 11, 11111111 1 111111111111111111111, 11-
1111 1111111111111111111111111111, 111111 1111111111 1111111. 111 1111-
1111111 11111111 11111111111111111111111 1111111111111, 11111111 1 Ν1111-
111, 81111111 1 0111111, 111111 111 1111 1111111111 111111111111
11111 11111111 811111111111 (8111111111) 1111111111111111111111
11111111111111111. (1111111111111111111111111111, 1111111 1111111 11111-
11111Β111111811111111111,1111101111.8111111111111111111111
1111111111111111111 11111 11111111 1 11111111. 11111 1111111111 1111111
0 1111111111 1111111111111 (111 11111 1111111111 111111 11111111 11111111-
111, 111111 1111111111 1111111111 Β111111111111111, 111111 111111

 

