396* 1111111111 1111111111111. 11. 1461.

,1111111 1111111, 1 1111111111, 11 1111 1111111111 w 11111 S. 111111 11111

,1111111111111111111111111111 111111 1111111111 11111113* 11111111
11111111111111 1111 111 11 11111111, 11111111111111111111111111
111111. 11111111111111 1111111111 111111 111111 1111111111 1111
11111 111111 1111111 1111111111, 1 111111111 1111111 1111111111 1111-
11111 111111 111 1111111111 111111 1111111111 11 11111 111111111111111
1 Β1111111. Ρ1111111111 1111111111 11111 1111111111 111111111111, 11111111
1111 1111111111111. Ρ1111111111111ο11111 1111111111 od 11111111 11111111,
11111111Β111111,111111111111111111111,1111111111,1111111·
1111111111111111111111, 1 11111111· 1111111111, 1 111111, »1111111 11111111
“ »1111111111 111111 11111111 1 1111111 111111111111 1 11111111 Ρ1111111
„i 1111 111111111111111 111111 11111111 11111111.“ (1111111111 111, ,11
„krol 111 1111111111111111111 11 po 1111111 11111111, 11111 111111 1111111
»111111111111111111 11111111 111111,11111111 11111111 1111111 1111111111,
, 1111111111. Nie 11111111 111, 111 1111111 1111111111111111 1111111111
»11111111 1 11111111111111 111 1111111 111111 Ρ11111111, 11 1111111111
»111111111111 111111 1111111111 111 1111111 11111 11111111 111111.“ Ζ Ρ1111-
1111111111111111 1111 11 111111, 11111 11111111111 1111111111 1111111111, 11111·
111 11 111111 S. 11111111 do Κο11; 1111 1111111111111111111 1111111111-
11111, 11 1111111111111111 1111 11111111 111111111111111 1111111111, 111-
1111111111111111111111111111111111111111111111,11111 11111111
1111111111. ·

11111111 111111111111 111111 8111111111 11111111 11111111111111111111111111
111111 111111. Ζ 1111111111 11111 1111 11111111.

W 111111111111, 111111111111111 1111111111111111111, 11111111 11111111
1 11111111 811111111111111111111111 111111111111111, 111 11111111 111
1111111111111111111111111111111111. 11111 11, 1111111111 111111111111 11111111
1111111111 1111111111111111111111111, 1 111111111111111 111111 11111111Ρ11-
1111111. 111111 1111111111 111· 111111, 111111 do 1111111111111 11111111, 11-
11111111 (1111111 1 1111111 11111111111111 1111111111111 111111 ’111111
111111 1111111111111111111111. 11111111, 1111111 1111111111 111111 1111111-
111111, 11111111118111111111Ρ1111181111111111111111111111
1 1111111, 11111111 111111111111 1111 11111111111111, 111 11 111 11111111·
111111, 11111111111111 111111 11111111 1 1111111111 111111, 11111111111111111111-
1111 111111111111111 1111111, 1 1111111111 11 1111 Ρ11111 1111111. 1111111-
111111111111111111111111111 (1111111111111, 11 (1111111 1111111111
111111 1111111111111111111111 11111111 11111111 1111 11111111 (111 111111-

 

