554 , 1111111111 1101111010111. 1. 1111.

,11010111 101001, 11111110101011 po 0101101101 1111 11100111 11111111
,11111111 1100111111, 11 11011110, 81111111 1 11111011, 101111011111
,0111111 01001111011001101111111011111010, 11011100111, 111 1011111, 11111111
,1011 (1100110111 110110 1110 10111010 01101, 1111 1001100, 11001010 1110111-
- ,010111011111111111111 111001, 111 1111011111111010110111 0111111111
,Ρο1011010, 11111111, dana 1111111 1111010110, 1 1111100111 11111 111110-
,1100100101111101110011 11111111111110101· 101011 101101011110,11010111
„tego dlugu 11111101 1111 11111111111011011,110101111110 1111110011 111-
,100111111110101101011(11111111111101111111111111 1111111 nie 10011-
,111011101011011111111111010011011011111111011111111111111011011

,1110 111111111111110111 1111110111 1111 (1100111 111111 1111 0101111111.
Poslouie 1010011 11000111111111011, 10 11 1101 1111111101 1111010110 011
11010011110101111011011111,1011110111101101101011001111101011101110110111
01001110, 101111111101110 010001 1011011 111111111101011010 111 11111
1111111011 110 1111111111, 11111110 111101 10 1111101 011111101οἰ1 110011011001-
1101111001111001110111101111101111 1101111011 Burgundyi. Ρ111111111111
10111111 11111001, ,1111 01111111 11110110 1101001111 1010101111111 1001111011
,11111111 11110111101101111011111.“ Ρο0101110 1010011 011001 11111111
01101111111111111101011011 11001111, 1111111 11110110111111111110111101-
1111011 1101011, 1101111011 110101 111010011101011 1 0111111111011011, 1111111011·
,11011110111111010110111,1“011111111101111, 81111111 1 11111011
10111111, 1111101001 1111011100 11001111 1111101111 [11100111 ’1111011 110111
1111111111 1 11 0111011101 1111111101 011101 1011111111,111111011111111101-
0111 1 1111111111 11111110 110111, ,1111011110 11110011111011011111 11111111
,1001111111010110 1 1111110111 1001111111 011 11 1101011.“ 1111011111 101111
1110111101110101111111111, 1111 1111111111, 1110 01101111 0111111011 01101
10101011011 011111, 1110110111111, 1101111110 1111001110 0100110 11100111
11011 0111 111110111110110 1011111011 11011111111010. 1001 1111101101
1111001 1111111111 101 1110010111 1 1100100111 11010111 01111111, 1111111111, 111·
10111101 1110011111101 01111101001011001 11111111101011010, 11110
011111 111 1111011-’0111101111 1 111111110111 11111 101111, 1 1110110111 11 (10101011
1110111101, 111111011111110, 10 1111111111111111111 11101001 110 111100111ἰο ¹

0111110111011111001101101010 11010111 11111111 11001010111 1111111 1 1111001111,
1 gronio 1011111101101011 1111 11111111 1111001111 do Presburga‚ 1111111111
1101111110 1111 011 1 1101101011 do 11111111. 1

 

