vn

11101000 05. Alexander. 10165 16000 100000005000011 001. pol. 400.
1111090 (111101000)05. 81000010. 101650 140010090Ιο prob. 8. 11100. 584. .

11101 (11101) m. 221. 10165 0 8090001000, 0000001100. Ρο011060 00
ma m. 1 mm. 290. 284. 469. 810100 006 11001. 540.

10110019 378. 333. 615. 10165 8100000011 228.

1000010901 162. 402. 483. 10165 Ρ10010101 1000100011 579.

1000001060 m. 109. 10161) rabin Zydow. 601.

1000000001ον0 m. 224. 299. 324. 390. 411. 10165 0050000 601.

101ογ0 531. 543. 10105101 366.

mmm η, 575, 100 111000100000100 000000, 0100Βο000. 611126.
1000010. 000016ογ011 97. 1005101 050100. 50050 0501000 23. 101.,

iwan ob. 100. 100 06000091 00095. Lwow. 24. 31. 42. 73.
10000010 0106100100 416. 100 00 8000010010 0100. 50501. 30. 121. 168. 228.
100501 l. 10001 0101100106οο Bosnii 631. 100 0 0000010000 l. 00000100011 10001 001010.
’10001 01005100060 631. 172. 213. 220. 226. 229. 236272. 630.
11901105. 7710000109. 100 1000011 00501. 001010. 655.

1096005101800051011. 112. 117. 100 10. 0001. 606. .
’ 100 Ηο60000000 5101. 109100. 94.

5· 100 1400010 5101. 050100. 101. 325.
600 1001100011 wojew. 110000. 88. 228.
10600190 10. Pol. 7. 44. 89. 100 5101. 0100000100 137.
10600190 06010 10. 1100100. 1091011. 236. 4711546, 100 tmen podkom. Ρο1101 236.
563. 554. 684. 598. 599. 633. 100 1401 0 119500 ryc. pol. 169.
10600190 1000110010. 10. 110000. 23. 100 11050000, 00. 165. 181.
10600190 05010 16001010 10. 7709. 613. 100 0 00910000 (00100000)10001Κο01. 18. 13. 24.
1091010100 w. 50. 23. 31. 42. 51. 58. 64. 76. 76. 83. 88. 30.
10900 (Α9010) m. 471. 32. 95. 33. 104. 107103. 121. 126. 136. 142.
10100 (1ογ000) zum. 365. , 148. 161. 162. 200. 236. 241. 242. 250. 526.
10165 1101 6010100 001010. 122. 599. 600.
10165 11059Ιί6011 122. “ 100 0 7000900 17900γὴ011 0010011001618.
10165 9000100. 001. Aug. 168. 22, 24. 26. 29. 30. 31. 42. 6664. 66. 75.
10165 0 800610100. 8006000. 225. 336. 337. 348. 83. 99. 101. 102. 107. 103. 126. 136. 139.
351. 369. 367. 368. 391-393. 401. 424. 645. 142146161-163165. 173. 196. 218. 228.
598, 236. 250. 289. 293. 299. 305. 306. 310. 313.
10165 0 [105001. 1195101011 0100. Κο01. 0060110051 316322. 341. 347. 360 364. 486. 433. 501.
1061. Pol. 347. 364. 383. 420. 421. 467. 460. 100 111οο0000 0 010101ογ 001008006000. 13. 22.
462. 469. 479. 485. 490. 601. 607. 612. 518. 24. 31. 42. 58. 76. 88. 35. 99. 101. 103.
546. 570682. 623. 647. 648. 107. 108. 138.
1016508100001. 8100101011, 5101. 171001. 001600 100 0000000011 0 ΡΙΙογ l. Ρ110011, wojew. Κο01.
00095. 001010. 84. 122. 128. 276. 279. 280. 22. 51. 58. 328. 486. 501. 622.
291. 293. 236. 236. 303. 304. 312. 315. 316. 100 0 1711ογ 10001. Β100. 648.
328. 338. 333. 341-343, 346. 343. 361. 354. 100 0 110010ορ0Ιο 1000. 1061. Pol. 6. 24. 38. 51.
359. 360. 365. 376. 379. 381. 382. 386. 401. 84. 88. 136. 161. 163. 166. 171. 185.
407. 415. 423. 424. 431. 440. 458. 463. 465. 1001100106 0101100006οο 7109100 5. 27. 39. 49.
481. 486. 436. 496. 500. 501. 516.ι 521. 531. 64. 55. 60. 61. 93. 115. 140. 208. 210. 211.
537. 546. 550. 559. 660. 566. 586. 602. 603. 220.
606. 606. 631. 646. 648. 100 0 Το000000 1. 7000000011 00100060 8006000.
10165 5100000 233. 648.
10165 0000501011 234. 100 0 10000000 096010 01101ιο. 140. 142. 174. 273.
10165 050100 060011, 00600. Κο01. 328. 100 Amor ’10000ον011 10001. 80600. 001600 Wojnic.
10165 60 110010 638. 301. 317. 320. 483. 435. 622. 625. 627. 549.
10165 Ρο99Ιο 638. ' 639. 605. 648.
10165 110060 346. 100 60101Το00000011 10011001. 230. 293.
10165 8009100011 001. 901 568. 100 0000010101 5101. 1101000901. 46. 47.
60165 140000 090001. 889. 100 0 505010 10001 Β100. 58. 83. 133. 130.

10165 8091000011 001. pol. 399. 400. 1000 11051000010060000. 6.

2

 

