01466. 0010000000 000000016001. 131

10 010110. 111616 100160 01106016, 0 111010 016061 016161 1006111616016-
tom Βο0110 legat, 10000661 0 0610 01660 0100166001, 6 Anio} 016601 110-
0000011161, 1610 00660110 1006616616 1 10110016016 0010110001161. 1010
061 10111 0 Κο01101601 0600011, 1 0600 0 0161161 11616001010161 6 0106-
010111010106000110, 016166 111 0001011100 10161601, 610616101 10160100-
01, 0161161 1010161610101101016 01101661, 161 Κ601016006 10116 Pol-
011610Ι 1610 1 1610 061610, 01600161 11010116 1616161100101011610, 110-
0161 161 00001 10106101110, 101 01611606 06 016, 01000111; 16001161061
1011 (10601110101 061 1100160100, 16 0001011161616 06101616 016101106
016010. 106106100, 611 1016610610006110161111 161001110161 00106
1000610006 0 Ρο00661, 1 016161606110 0161 00016 0111; 01011 1006160161
100160 00160110 1 10110 0 110011616οἰ, 0101016061 016 110161 01001061
0 [10661661 00611 0160106016111010 0616001606, 11106 06116 1 0100000010
616161 06 060006 06160011. W 10006110, 111 016 1116 00116 00060016 01611
0 06060610101010, 01616061161 06016 01001, 1016000 100160 11101100
161 10110066 00160011 010010010010166, ,16 1011 0101660010 1600 06061011,
,611 10111 0110011616οἰ 016 10010061110 010110, 1 611 016 00160616 001-
,06, 11106 10161 0116 010001 10101001 100101166611.“ 1161161110110
0 11600161100160101 1110110 100610061016, 16 0611610 010101006016 10111
0 10000610601610606011, 01016060 1 0100060160, 106010010600610006
06011016, 10016061 00610 06010010, ,16 10111 160 11010 016 016 0100106,
,1001600 0061 go 161016 660600, 61611000οἰ6 660600106 1 10161616 1160166-
,61, 1060100600616 0166006 0616001, 0 010 01000 100160160110110.“ 16
1011016 00616106160061 060 016116 1 00016100016001110, 0 006160010110-
10010 1 0000101010. 11101000 16116 16111 160 016160100 111 10 00610
16100611 100160, 16 01060111 0100010011, 101610 016 0616006160 606016 00-
160 Ρο0011610, 0101010016 006160 00 10161661 Ρο1016,1106010
016011061161, 1110601600161 6060661 06010600 1110111016, 1 16 06
Ρο1016 10016100006 1001166060160 Ρο00, 066010 0110161006, 101 0110161
100100161 000101006, 016 1611610016060 100061016161600111. 1116 06101
061001661111161 016010101600061 0101016 οΚ001101601 016111001 1000016
Ρο1061,101-101101610, 1610111 160 161 0600010161060001610606011, 60
116 016116 0061611 06 0106 ; 1010 161 100160101, 16 0 0010101006] 006601-
1001011161 06011610 10 016 1016 10 001111610110010, 116 100616 1110 10·
01160611010606 10161 10106 1011600116, 111 01001 0101011061 00016 06-
00010011. 11011006110011161, 111001 10111 0116161111001016111 10 010110,
016 160 016111610 116 016116 01616011660010106, 01011 160016661 1000061016
00000061 060601, 1001601110010060161 10 0000601110 1 061011, 10610 111610
00100161061010 mogli, 1061166 060101016, ,16 061061110 10111 0600061
,101 16100601 1 1000101016100601 06000160111111 016 01116601 0161016-

 

