168 0000000000 000000010000. 001454.

0000 0100010100 101 «100001 00 8000010010 01000010 Lubelskiemu.
Sam 000 0 1110010001ἰο 1 Ρο000101100 1101000001, 0 1000010000οι
1 00110001000010, 1010101 1000001 0000001, 00100101000000011101000-
010, 110 00010010οι110 000110 10100001 0 sejmu Ratysbonskieg0‚ 11100
00000 1100100010 0000000 Rzymskiego zwolany 1001 00101018. Fi-
lipa.

11011 1001001000 0000101000 pupinia, 000000101011001000000100, nalegajmu-

0 0110010 zion 10001101, 010001011100000001030 sajum 000001100100110]
0111010.

Gdy 1001000011101000010, przybyli 0 sejmu Ratysbofiskiego
00010010010001010, 00000001010110000 0000001000, 111100 Burgundz-
101000,1001011οΒ00000110001010100101011100100000000101Βο00-
10100011000,01100110 010010, ι10100 1οε 100 11010011, Ρ1010 Βο0-
00010001, Κ10000101Βο001, 10111101100000101010100010, [00-
0100001 001000 1000011000 0000100001 11000010001000000 001000
1000010101011000 0 1101001000. Α 01000 00001000 po S. ,10100110 Apo·
01010, 0 Ρο0101010101, 0 01010100 0010010 1000010, 01010 1001 mia} Ι0000010,
1000 im posluchanie‚ 1010110110, 0000100001, 0101110101 000010 ,0001000-
,110000 10010 Κο010010000 0010100011010 001110000010100, 1100000100
,0001000011 0101000010, 1 0001001000 go 001 0000011101 1001όο 1 10010101, 10-
,001011 10 001000100001010 trzy najoelniejsze cnoty, 000010110010, 10·
,0100010 1 1000100.“ Ρο0011 001001 0 11010010 calogo sej1nu Ratysbofikiego,
„aby 00 00001010 000001011100101 0101010 Prus 110 01101 0010100001 1 0010-
,0001 11000001όο Pruskioh, Jako 1000000 ich 000101000000; 00010101
,001 1001000101, aby im 000001 0000100001 01100010000101010100000100,
„aby 00101101 0001000001000001 kr6lmi i 10101010 0100010101011001 0 0010
,0000010100010 1101001001 0000010. 110101, 10 10100010 101 10010001
,101010010000 010100 010100011001000000001000 01001 1100010101, 110
,0010101111101010 0001000011 010101 0000 sejm 0 Norymberdze
,101 10001100010 001 1100000, 110 0000100010 00000000 01000 101010]
,1 Κο0000110.“ Κο11, po 0000100010 010 0 10] 0010000, 10100 mia} 0 0000010010
0100οἰ010 0000100, 1 0100100000, 010 1010010 11000010 00110001000010 sie
przeoiw 010000 10 00100 110101 101010 00101010, 1 0 00001 000100000010011

0000010100, 0101010001 ,10 00 sejm Norymberski, 0001000· sie 001001 ζ

,010101111101010 0001001010110 0100010001 000110, 00000 10100001 ¹

,0000000οἰ 1 1010101000 00 0010010 01000000 10 000001 0 00110 000 1000 00010,
,0000010111οο11, 1001000011 0000100.“ Ρο0100000001010110]Ι 0100010101, po·

1

 

