11111 11111 111 ’1111111 1111 1111111 1111111111 10 9111

ί131111111111111111 (1111111 1111111111 1111111 111 1111111111 1111111
111 1111111 111111111111 11111111 11111111 111111 111 111111 11111
111 1111111111 ,11111111111111111111 111111111111 11113 1113111 1111111ς
-111111 (1111111 11 11111311111 13111 11111111113111111111 1 (131111
-1111111111111111111113111111 1 111 1111111111 11111 1311111111111
111 11111111 1113111 1111311111111111111111111111 1311111 (1111111111
-111111111111111 11111111111111111111111111 131111111 11111 11111111
11111 ι1111111 111 1 1111111 111111 ξ1111111111 1111111 1111111 1111111
1111111111 11111111 ’111111111111 11111111 1 1111111111 11111111 (1111111
-111111111111 1 ι111111111 1 11113 11111111111111 ι111111111111 (11111
-111 111111 111111 1113 1111111111 1 ’1131111 11111 111 11111 1 ’11111111
111111 111111 11111111 1 13 1111 1111111111 1111111 1111 1 (111114
1111111111 11 111111 1111111111111111111111111111111 11111111 11111113
1111111111 1111111111111 ι11111 111111 11111 ι11111 1111111111 1“
111111111111111111111 1 ί1111111111 111111113111111 111111 111111
(1111131111111111 ι1311111111 11111 11111111 1 (13111111111ι
11111111 1111111 11113111 11111111 1111111111111111111111 1111111
11 (111111111111 1 (1311111111οᾶ 11111111 111111 111111 (11111
-11131 11 1111111 1 11111 11 13 11111111 1111111 1111111111 (11111 111
111111111111111 (1111111111111111 111 1111111111 111111 111 ι111111
-111111 1111 1111111111111111111 1 1111111111111 11 11111 111111 ’111
-11111 11111111111111 11111111 (11111111111111 111111 111111111 1111111
1311111111111111 111111 1111111111 1111111111 ί11111 1111111111
11111111111111 11111111 11111 11111111 111111111 1111111111 11111111
1111 ί1111111111 11 11111 111111 1111111111 1111111 1111111 1111111 1111
111111 1111 1111111111 111111111111111 1111) 11111111111111 1 1311111111 111111
-1111 111111 111111111111 1111111111 1111 1111111111111111 ι1111113
11111111 1 111111111111111 1111111 11111111 1 11101111 1
11111111 11111131 1111111111111 11111111 1 131111111111111111111111111
1111111111 1 11111111 1111111111 1111111111 111 11111) 11 ί1111111111111
111111 1311111111 1111111111 11111111 ι131111111111111111
-1111113 ί1111111111 111111 1111113 111111111111111111111111
11111113111111 11111111111111111 ι1111111111
(13111111111111111111111111111(13111111111111111111
1111 ι131111111111 11111111 1111111111 (11 1111 ’11111111111111
11111 1111111 1111111111 11111 1111111111 1 (111111111111111311111111111
-111111111111 1 1111 11111 11111 1111111111 11111311 111111 1111 11111 1111
111 1111111131111111111311111111 ’1111111 11111111 111111111 111111
11 1111111111 1 11111 1111 11111111 111 11111113111 1111 1. 1111111111

611 1111111111111 1111111111 '8sz Ἢ

 

