01460. 0000000000 01000000100000. 289

1010000010 1001011 010 na 00000. Ale 1001010100000 010 0 010100010000101010
00100110 1100100010 1 Βο1000100, 1010101010000000010 (1101000, 111000
0101100100010111010000010, 0010000101 1 1000010010, 0000001110010-
000010, 1 00010000 101000 10010 10100011 0100000100101 1000100001 010 0 0000010
00100000 1010010, 1 po 0011001000 0010000000100000011000 101 001 0000000000. 0

1001001000 1011101011 01000000 10110000 10001100 00000 0000100000 0000010100 00-
01000 0000010000.

1 11101011. Κο1000000, 000000101000001110001, 1000010000-
0001000101000 Κο01000101, 1100010100 0 001000000 00100010 Kali-
011, 1000 000 100110, 001100010000 1001100100 Ρο1011000, 11110101
011110010, 0011000000101000010 1100100011, 110011100οοεο 100-
0000110 Κο0100011, 00001001100000010110100011000,1010011100-
11000110000001011000 00 Ι1100010000, 01011100 1000000110 10001100,
111110100000011000010001100011010,110000110001010100,01-
100011 010010 00101010 Βο1000100; 01010 po 010100 01101001 1 00100001001,
00000 00011 dni 1000100001, 0100010 0000010000 0010100 010 1011001, 00 010-
000001 0000101000 0000001001, 0 0010000101οε ,010 0101001 10110010 0000000
,1 0010000101οη00 0010100 0010 00001011 00010000011; 01010100 0000010 dru-
,010000 ani sam 00000 010, ani 0 10010000 000100 0100100010 0000010001, 1001-
,100000 0 100100000111010010101, 010000 00001010, 01001010101 00000000.1 Nie-
mniej, ,010 po 001001010100000 001000, 0 0000001011 0100000010101011000,
,10100001000010100001 0000001010, 10010 0100000000 11010, 0101001 10110010

,01001011010 0 (11000010 01011100, 110 0001101000 01010010001000000-
101 000101 ·

11010 ’10000 0100000 10010 1001000110, 10010110111100100011000000 1000 10100
01010 00 001 0010100001000000 10110 1100011000.

1100101 1011 1100100011, 10100000 01010 0000110 1 00000001, 000000
1000010100 0110 01000 10010010 10100100001, 00 001100 1010010 0000110

2 1000000 10110 1000101000, 0101000011 01 011010010 00000110 80000000
¹ 1110010000; 0 00100000 10 0 0000 11101001000 10100000110-
} 0000000 1 1101010010 Κο0111 000010, 0101 010 000 001 0010100000
11 10110 1100011000, 11100 010 0010010001 ,00 10101 0100000010 Ρο01011000
' ,0100101100100101000000000 1 0010010100 nim 010100 0100000000

,0000100000οά1 Do 00011000 0000010010 00 10 00000100010 11001010 100110
0. mum. 0000. voum 000. m 00

 

