330 1110101000 1001001010οη. 01462. .

010000010100001011000, 000111 00010100 1001001 11110001101; 010 010101
01001011010 010010111111001 001010 0111010011 1001001, 11110 001000-
10110101011, 0010101010 0001001111 011010, 1 00101100001111001000000000000-
mu 0 001111 110000001101, 1 0000 (1001010001, 0110011 1010100000 001
01010001000010100, 1010111 1 0010111 00010111. 810101100001010010, 100100·
010 111100000 0100 0 011010 1010110 0100000000 0101001011011101000110-
01001000Ι 0 00001 0110101000000110110011, 111100 0100010010, 10 00101000
000100 1101001 00 0001010 1000110011 111101οῑ 01000110110011001001 101
0100 01010010 1010010, 0 01011010 010011001 do 01000100000110001. 2000110
(100100010111100000 11011 101 00 001 011110, 1 0000011101 11001 011011 00-
011001011. 1100 10110 0101110100000111001110101 11010010, 0000011101000
0100100110 110100000 0001001011.

1100110 11110 10010101000010001010 0000 10 0001111010 010 z 11000000010101
mum 1111010110 1010100011 1 0101001011000111 1101011111000. 1111101000-
010 010110 1001101110 01000011 1 001100 01110000. ¹

Wojsko 1101000110, 0010000οο 1 0001010000 ludu 0101010, 010 001 110-
01101οο10 Ρ10110 1110100 0011000100οο 8001001101011000 011000010
10 Ρ110 11010010 000000 0110101000, 1011010000 01111111000101 0 00-
10001 10101101100, 0 10101010101010110001100100100, 0001000010000
010000100110 0 010010000010100, 00010000010 0 00011 10000001, 00110 011
0 0100 0111100000οο 010 11001000001010. 1010000000 0100010 0 0011111 War-
mii, 000001110 01010 1001 001010100010010000. 11101100011110010011 Lu-
1011, 100000 00 000010 00000 00 01010000· 000101 0 011000100 0101000,
1010010000 010, 010010010 0100010000Ι 110 0110100010 010 0100010 010011
1010010, 11110 0001100010 jego¹ 010100, 01010011 010110100101101011100001
011011 001001 00000 000010, 00010010000 0110 0010010010101 1000010110100-
00110. ’1100010 1111000110 101010000 010 00 100 0110, 100010010 0110100 010-
1101100, 10000010010 00000101100110 010110101001001 00 0100010011 1010-
010001001 010010000010101101.

Ρο1 10010 000 0000, (110100000010 01010001 0110000 01000 0010110
1001010 do 01001 800110101100, 00000001010010000 01011010100, 0 0111110000
0 000010 01010 10110, 0 0100100001οἰ 01010100, 111100 010101100ιο 11100-
1001110 000011 1011 00 00000; 0011010000 ja 0 0000101101 00001110 1010-
101110, 00011011100100 001001, 1 0001010000 0110111 (1011101010. 11010
01001 00100001 011010010010010 010010 0101100, 000010 00110010 01010
00 100110010010001001111001 (110 01000010 000101100 1 (101001, 10101010
1010000 110110, 010 00 0 010010 0000100001.

 

