-919 91 19 119 11919119 1199 11111111 1113111 19199 1 9191991119 11931 91

¹ 91999 91191911919 1199999199 1 1199191111 99119 9119191919 91 ,,·9919191Ι 1“

9911991111 9991 9191919 919911 93919 99 19199119 *9199191 91 99 (11991131
-111 9 119 1999119 9919119111 1919191991 111 119119 1991111 919911

1 9391 919 9 991119111 93999111 93999 91 (111111111191199199191911191“

191191911111 199191 91999111 11919 111991 1 919111 19919 1 1999911
-1191 M 91 έ9191119191999991919111111991 9391 1999999191 111 191 911ι
91“ 99919911 191119199119 11991111 1111 11191111 ,,·19199191913119“
-11111 4919191911 191 ι991 111911 1 (9111999111 9111913919111 9 931991 ’

ς -999191 1199199119 91119911 ι19111111 op 1199 1191191119991111199191 1

999191191 M 9391919191991 19391 911 999199191 (199119 191991 11191111κ
99191191 M 911191911991 91111911 99 91 (9199911 1 119“ ι119 11999911
9191991991 11111191)11111191991991919111919991 1 1191919111
9119111 111111 1119111199 91919919 93 19 ι91111 91 119 1919 1919119 919 191

1 -9919919 11919 1199919191 1991999119 91191111 19199119 (1199191111 1 1

4
1

Ι

-91111 19911919 99911) 1199199911 op 911191111 939119911111 91111 ·
op 11111911 11911 9919119111 991 1911191 ι(111911911111)119111911
-11119111919111 19911191 11199111 ί19919111 M 91991991 ι9191119911
-9199 91199191 919991191191 99919 9191119 od ‘gosomopum 11191 9111 11119911
9911 9911 0 19999 19199911 91991 91991 1919911 99111 991 1 111
-191 op 1991991119 9919919911 113 911 1919991919 9119 9 9919 1191919 191111

1 91919911919191 (919919119111 91111911991119119191991999 (1191911

91 1919911 19919199919911911 1913111 9111119999119 11199191 1191191913
-111 911111 1119191 1 9991911911 9391919191991 119 (9119911 1 (939119

-111111191111 9111911111 91 9919199911 9991999199 9111991 91191911 919919 -

-911119191 9199 9 11991191 911111 119119 1 91191111 191999919911 1919 1119911
-9199 έ9119111 9919 (9991911191 M 919111119111919913 191991931 991991
-11191999911119919111 19911999131 1111 ί111991 op 119119991999199 99
-19111 ’1913111191 1919111111111191119191 1 999191 9 199911991 199911
119 91 619911119 1119119 9191119919 1 111 99191191 M 1111 91 ί1919913191
913119 (9111919 1919991111 1119 1199913111 91191911 99191919911191
-1911 19919119 91119119 199191 191 919919919919 9191191991 991991111 19119
-9111191111191111 11 ι9911911111 9111 91 9191 911913113191 119 1191919911
-11111 919 139919 1191919191 9191 911991 (9191991 1111119111 9991911911
911111 919931 9 9191919191 99919119 919 1111919 93911 1199111111 M

’911191 1991199111 1911 919119 19111111 991 9 Ι9111119 991 111911

9191199919 ’919119191311191111 9119111 9919 ί99991911919991911911119911
91 1191199999 9 9391111191 91111 9111191111 91 1191919199191111191991991

’111199 911991119111199 = 1

 

