11. 1479. 1111111111 1101111010111. 641

0111111 110111 Ρο11111011, 11111 110110111 1011100111 Κ11101011,
1 11011 111101, 111111111111111810111111.

111101 ι 11111 011111 1111111011 1011111111.

Κ1101101Ρο11111001, 10 1011011 01010 11010111 01111011 11110111-
01110111111000111 1111011 1 (11111, 1101001011 (111011101011010
1 101111011010 111101111Κ11101011010,1110111011011111110011,
10 1001, 1 111011 8101011111, 111111001010 1101101010 1100110111101,
1111111011 0111 101101 1101110 110101011101010 1101111, w 0110010101 11-
11111 181011111011101111(111011101011010,11111110110110101110-
1100 0111 1110110 111011 (110111011011 11111110 0 0111111 8111101111
1 Κ1101111 10111101011010 11100111 Polskiego) 11111111110 10110-
1111110101, 11111111 11011011110011101110111100101010 Ur 1011 111100110-
00111, 1011011011 8101101 110010101101 1 111010111 1111100111 Polskiego,
011101101011101111 1101111, 0111 11111011 11111111 10101011 Ρο11111-
011011111111111101111101101001118111101111101101111Ρο-
11111011010, 1110 101 111111111 1111111 110011110 111111 Ρ1011-
10101111, 10111101110011010101 Γ1110011 111111, 10 1001, 1111 1111101010
81101111110101111, 11101 1111111111110111, 11111110010 1 101 1110110 010-
go 11111, 1110111011 1011110111 by} 1111101111 1 111 11101 11111 1111,
1111011101011010111110111(1111110101011 Ρο1111011010, 111
1111111 1111 Κ111111011 (jak 11111010) 11 1111110 11101110110 1101110111
Ρο1111011010. 11110011111110111010, 010111101 111011, 001101111101,
11001 1011101111010. 111110110111 11011101 1 10110111 101 11111010 010-
1110. 11011111 110111 01101011 1 111111 1011011101110101011. Ρ1101 110111010
101111111101111801101111111101111Ρο1111111101011111011
1010111111 1111111 01 8111101 111101111111 11111100111101101111 1110-
01101 11111 1011101110110, 1 1 111110 0111111 1011 11101 111111 1101110111·
, 11 (111011101011010 1111100111 100111.

11111111111111 ι 1110111011 1111101011 11111111 0110111010 11 11111 11111-
11111 1111111111οοςο 11111101111 101011111111 0 10111 1111111111 110110·
1111101, 1111101101111110111 1101011 11111 1111101111010, 1101110101111111
11110111 01101111 1110111 111 1111111111111111111 11101011011011111111111 ’

1110110101 1 0111111110 1101101 1111111111,

10010110111101001,111111111001110111011011101, Ρ1101110101·
0111 1010111111, 11011101101111011001011100110110101111011111010-

 

