0. 1446. mmmmm. 13

110110110001101 0001011 00011010 00111, 0010010οο 01100011 00101010100,
0011101ιο 0001001 biskupi i 1000010, 110 0100000010 10011 01010, 0 00101-
1000010001010 1011000 001011 1011010101 8010000001 [001101. (111001010οο
001010101οο 10101 0000000000100100011, [0000010 1000001 [0011000111 0 00-
0011 1010101010 1000010, 11010 11110100 110100 Κο0100011 0111010001
00000 0 0000001000 110010 3., 0101 1110 10000001000, 0001001 1101011,
101001 (101010101011, 1100100011, Ρο0001011 1 Ρ10011, 1010101
01010 [00οό0 Ρο101101, [001010100011 10 [00110010 01010 Ρο1011000, 0 001
0110000100010 01000 1101010. Ρο 001010101010 01000 010 10 0100000010 00
[0001001000 10110. 10001010 [0001000000101 0101011 01010 0 [00010 0010101
00000010 0101010 00000, 0 01001, 10111 0000100001 01110 010 0100011 10101
00000 101110, 10010010 Κο01010000, 101 00 0001 [0100010101 0101011
110101010οθ10 00011011000100 00100010 00100010101000 [0000 1010000, 1 11110-
11010001011011011000110101Ρο1011010, 11101100101111110,
010 [010000 01011 0100011 010 0101011010101 1011001010101. (111 0100 01010

010 00010010 010 0010 0101010, 1100010110 0010010111000101 00101 11010010 -

0001010010, 001010101 010010100000101, 01, 111001 [000010 0101011 0101010001
010 010101 00000000οἰ00 010 01010001 100111, [0010000111 0010111 00011
1010 [10010001 0111000. 11110100110 01110 000010 1011001011110000 10 ·
0010010001, 001001111 01001 00101 010111100110010 0110101010 0000010 [00-
010 0 11010010101οΡ101010010,0101100101000010101001011100-
011000 0000 01101001001000000011000111 1000010100, [0000010001 1
10010 100000, Ρο001100001 0 1001001010 8001001000110000,1
101110000180001010110010080110001010000001000110000, 10-
0010100000, 0 1110101 010101000, 10 10011οἰ01 011100100100011010011100001
000010 10110. Ν10 1000000 0010101, 10101 0011 1 000001, 11100 101011 [000-
1011011010 10010010 000010 1010101 01010110, 0110010101010010 Κο010010-
00010 [00110010 0111000, 0110, 11111 10 sie= 010 00010110, 001 sami, i 01
0001001, 1110011111000001001001 0101011 100010 10110, 1000010001011000-
001010οό. 1100000 00000000 0001000, 011 0100100000 01 Κο0110100001010-
1001011100011000 0110001011 1010010010000101 [0000 10101010000010-
000010 0000110111, 1111 010000010000100111 101010010, 000111 1100 1000101
00001001 010 1 01000011 0010000001 10100101 1 100001 0000011000011101. Ρο 00-
101010010 0000010 100 010011, 01001 001010000100000.

 

