11. 1448. 1111111111 1111111111111. 55

ska, 111 111 1111111111 111 11111111111111 1111111111· 11111111 111, 11111111
11111111 111111, 1111111111 1111 11111, 11111 1111111 111 11111 111111 111111-
11, 11111111 111 1111111111111 11111111, 1 1111111 1111 1111111 11111111 1111-
111111 111111, 111111111111111111111 111111 11111111 1111111111, 1111
1 111111 1111 1111111. 1111111 11111 1111 Η11111111111111111111111111
11 1111111 111111, 1 111111, 11 111111111111111111111111 11111111 1111111111
11 1111111111 111111 1111111111 1 1111111, 1111111 11111111 111111111111,
11111111 11111111 1111111 1 111111111 11111111. 11111111111111111 11 11 1111-
11111111, 111111111111111 11111 1111111 S. 111111111111111111111-
11111111 11111 111111 11111111, 111111 11111111111111111111111111111
1 11111111111111111111 11111111. 1111111111 1111 11111111 1111111111 1111111-
1111. 111111111111111,1111111101111111, 1 1111111111 1111111111 1111111111
lubo 11111 1111111111111 1 111111 1111111111 111111111111111111 1111111-
1111 11111111111111. 111 1111111111, 11 11111Ρ11111, 111111 11 111111111111
1111111 1111111111 1111111111, 1 1111111 11111111111, 1111111111 11 111111
111111 1111111111, 11111111 111111 11111 11111111111111111111, 111 111111,
11111111 1 1111111, 1111111111 111111111111111, 11111111111111 11111111 1111-
111111111111 1111 1111111 1111111111111111111. 111-1111111111 1111, 11111111
na 811111, 1111111 11111111111 11111111111111111 1 1111111111, 11111111
111 do 11111111; 1111 11111 1111111 11111111111111 1 11111111111111111-
11111 1111111111, 111111 11 81111111 111111 111111111111111111111111, bro-
11111111 11111111 1 1111111111; 111111 1111111111 11111111 1111111 111111,
1111111111111 111111111, 111111 11111111 11111111, 1111111 1111. 1111111111, ·
1111111111111111111 1111111111 1111111 11111, 1111111111 11111111111111
111 1111111111. Ρ111111 11111111 111111111111111111 11111111 11111 11111111
111111111111111τ 111111111111111111111111111111111111, 1111111 8111,
brat 1111111 1111111111 111111111 1 1111111111 8111111111111,
1111111111,Ε1111111Μ11111111,1111111111111,1111111. 111111
’ 11111111 1111 Η111111, 11811111 11111 111111111, 1111111 11 1111111111
111111111111 11111111, 1111111 1111111 ,11111111111111111 1 1111111111111111
1 1111111111 11111111. 111 go 111 nie poznano 1111111111Ι 11111111111111
1111 111111111 1111111111111, 11111111111111111111111, 1111111111111111 -
1111111 1111111 11111111, 111111111111111111111111 1111111 111111111, 11-
11111111111111, 111111111 111111111 1111111. 111 1111111 1111111111111

11111111111111,1111111111 111111111111 11111111ἐ ‚jego zguby, 11111111 ‘
1111111 1 1111111, 11111 111 1111111Ι 111 111 11111111. 111111111111111111-
11111111 1111111111, 1111111 11 111111 1111111, 1111111111111111, 1111111-
111 111111 1111111111. 1111111111111111 1111111 1111111111111111, 11111, 111-
111 1111 111111111111111 1 1111111111, 11111 111111, 1111111111111 go 111 111111
11111111111111111111111, 1111111 111 1 111111 111 za 111111 11111111111111

 

