116 1111111111 1111111111111. 111452.

11111111 1111111111 11111111 1111111111111111111111111111111111 11111111. 11111-
11111 11 111· 111111 11111111 1111111111.

1111111111 11111 1111, 11111· 111111118111111, Ρ1111111 ’111111-
1111111111 01111111111, 1111111111 1111 1111111 111111 Κ11111-
11111. 011111111111111111111 1111 1 1111111111 1111111111 11111111 1111-
1111111 1111111111 111111, 1111 1111111111 broni, 1111111111111111111, 11
1111111111111111111 11111111] 1111111 11111111 8111111111 11111111-
11111111111111111111111111111Β1111111,111111111111111111111
do 111111111111111111111 11111111 81111111111 1111111 1111111 111111-
111111111111, 1111111111111 11111111111. 1111111111111 1111111111 111
11111111111111111 111 1111111111 1111 1 11111111, (1111111111111111111111111
Ρ11111111 111111111111 1111111111111111, 11111111, 11 11111 11 11111
1111111 sie 111111111111 111111111111. 11111111 11111111111 1 1111111111
11111· 1111111111111 1111111111] 111111 111111111111111111111111, 111111
11111Κ111111111, 11111111 111111111111 111111 11111111-1111 1111111,
1111111111111· 111111111111, 111111 11111111 1111111 1 1111111111 1111111-
1111 po 1111111111 111111111 1 1111111111111, 111111111111 111111 1 11111-
11. 111111111111 1111 1111111111, 11111111111111 1111111 Κ111111, 11111
1111111111 0111111111, 1111111111 11111111 1 1111111111. Α lubo Κ111-
1111111 1111 111111 1111111 111 1111111 111111 od blahego i nikozemnego
11111111111111, 11111111, mimo 111111111 11111 111111 11111111111111111,
111 111111 1111 11111111 1111111111 111111. 8111111111 111, 11111 111 po·
111111 1111 11111111111111111111, 11111111111 11111111111111, 11111111
1 1111, 1111111111 jak i w 111111 Β1111111, 111 11111111 1 1111111111111,
111111111111111111111111111 01111111111 1 Γ1111111111 11111111
do 11111111 1111111. Κ1111111 1111111111, 11111111 11111111111 1111111 11111-

, 1111111111111, 11111111 1111111111 1111111111111111 11111111111

111111111111 1111111111111111 111111111, 1 1111111 nie 111111111111 1111-
1111; 1111111 111 11111111 111111111111111, 111-111111111111111, 11 Ρ11111
1111111 11111111 11111111 im 1111111111 11111111, ju& 111111 1111111111, 11
1 1111 111 11111111 111111111111111 1111 11111 1 1111111111, a 1111111111 111-
11111 111111 1111111111111111 sie 1111111111, 111 11 1111111111 ju& 11111111-
· 111.1111111111111111111111111111, 1111111111 111111 111111, 1 11111
1111111111111111111,111111 111111111111111111 1111111111111 1 Mi·
11111181111 (Slop) 1111111111 0111111111111, 1111111 1111111111
1 1111 11111 domu 1111111 1111111. 11111111 1111111 11111 1111111111111111
111111, 1111111 1111111111 111111, 11 111 1 1111111111 1111 1 81111111-
1111111111111111111 1111111 11111; 111111 11111111 111111111111111,1111

 

