11

Α111511 11111. 0115115111. 166. 8511355 15. 21.

31511111 1111551115 1511. 11151. 530. 598. 31115113111111. pap. 368.

3111535115 m. 223. , 85553311 81115155135151 01. 442.
Α53111113 ιιι. 557. 573. 8511533111 511. 1115111511.
1153511351111 15111. 114. 248 8515551 51. J 511.

Α1131111311 71113511 pleb. (111511. 367. 1351511151 pretend. uu hosp. 175155. 466.

Α11311113118511555150. 151. 159. 8515110511 ob. Bereudej.
Α1111135 27. 111. 118. 201. 260. 463. 471. 475. 811155 11. 586.
476. 489. 505. 536. 543. 573. 613. 619. 8511111 m. 597.
625. 626. 3511111111 8155151511 star. (1115151111ὶί 170173.
5151131153 111. 114. 125. 142. 260. 626. 187. 231. 238. 239. 249. 251. 253. 257. 261.
271. 272. 285. 329. 353. 362. 418. 419. 423
Β, 433. 504.
85155111 18.) 8155111111 69.
8511511 m. 556. 85115111 11111. preub. 131 8. 81111113 447.
8111511 115145. 85151111 8151115 1151151511 1151. 03111. 438. 531.
31115111 m. 467. 521. 578. 1
8515111511 771551. 484. 8515514351 202. fl
35115111 ob. Ρ11151. 351115 m. 260. 323. 519. 546. 590. 591. 633. 1
111111111111311. 115. 111. 111. 313. 433. umny 1111151 1
8111151115351Η151. 359. 8551515115 39. 566. 608. 615. 628.
851111 15. 467. 851551515515 487. 587. 615,
851111151111111511.551.71311. 483. 492. 502. 506. 8515111 (35155111) uam. 79. 323. 615. 622. 623
544. 8151113151 515155553 (mua 1535111) Β513111
8511511 151111 Β51. 11. 775111. 320. 321. 335. 529. w 1733. 270. 612.
8511515 551111 11511111. 1531111 637. 315153155 ob. Belgrud.
85111515 1511111111. 11. nucib. 119. 3151153 (8351551) m. 288. 3118.
8511515 55111 151131. 1111115111. 543 81551511 1753150551 (1731ὴωί1151) 495. 323. ¹
811151515511Η5111.11 2515111. 590. 541. 545. 5111553633. ’
8111115 utura 15111 1111. 11. 115511). 119. 81551555 1151551511 1111115111 557. 582.
81115135 135. 8151111115 0511511115 520.
3515355 111. 384. 8155155115 m. 549.
35111511151 0111155 1311111 11151. 84. 8155151115111, 8111531115 15403.
8111155151 05155531511 111111. 115111. 559. 560. 81151511551511 (311155551151) 8111113155 11
8511155151 3151.115(1111513511 304. 182.
8511151051 10511115 1511. Ρ555. 548. 8111111111 ob. 11111151.
8510551151 8515115555 513. 8551515111. 38
3511155115] ob. Β511511. 8555511 311111151015511258 327.
851155115111 181111511153111111. 288. 410. 8511535111 ιιι. 65. 204.
3511515 0315451511111 174. 85311511 1151511. 775151. 68-72. 84. 32. 93.
85115511711155111113 162. 8531551111 511. 11115153.
8511513115511 116111 7733. 656. 3531551111 ob. 71111.
8115 135 pol. 552.Ι 85355155 1151511. 1115111551. 101.
85311111 51. 851151. 85355115 11111. 71151511. 372.
81351511 51. J 511. 85355155 1311 Η5111. 11 81113. 611.
85315511 511. 11511311. 85351155 8515551513 477.
8153151511 15151152. 157. 325. 326. 8531155 z 01515153115502.
85515 (81111111) 15151155151511.7733. 607. 612. 35111511 135. Pomur. 631.
825. 85155155 11. 01151. 105. 108. 132. 206. 213. ss
8355111 m. 37. 3515115511 01111. 29. 31. 48. 66. 119.
8513153 (Α11515351158511155) 11511. Taurunum 85151155 11. 11111511. 17-25. 30-32. 40. 66. 127.
208. 221. 222. 536. 575. 592. 595. 162. 163. 176.
85131511 ob. 8111531511 1151551113. 85151155 syn Β51. 11. 1151511. 176 319. 511. ul
35111523. 63, 563. 613. 603. 621. 629.
111111 nemu 15. 313. 511 1115115155. 333. 11111115 5. 1511335111.
403. 611. Ι 85111551. 85151155.

 

