whdymw 6444 prot. Apost. 545. 141 45. 144 1414.
1111444144 prob. 4144. m. 84411641. 144454γ4 45. Β4414
11114614144 14914114 14. Ρ41. 43. 14. 89232. 337. 144114 m. 416.
4444144444). 17144141. 1444114 4444. 425.

1111464154 m. 38. 14444454 45. J an.

11114451 118. 211. 536. 639. 645. 14444454 45. 77444414144.
11114641 4 8144414444 79. 14144 zum. 323.

111ῂ4414 5411414141 45. 7714614144 4114444- 14414544144. 47. 594.

54444. 154441 m. 574.

11114645 4 54444164 116. 15194144 14441. 5141. 17441. 3. 6. 11. 13. 17. 22-
11146414 tyn weodk· 4 141441 328. 24. 29-ν32. 42. 464753. 58. 50. 61. 62-
11114641441444141 9444141499. 66. 74-77. 80. 86. 88. 02. 05. 99. 101. 102.
111143414414444444.99. 106126 127. 129-131. 138144. 146162.
1114444414 218. 169. 171. 175185. 186. 190291.

1114141445 4 1514541444 14441. zavichost. 99. 151941444 014141415141.17144944114441. 14451.
1114141445 11441144 4 114414ρί4 173. 228. 258. 289. Pol. 550. 560. 582. 583. 586. 597. 602. 605.

322. 325. 473. 478. 517. 541. 545. 550. 552. 031. 042. 046 648.

555. 15194144 4 ’1944144 441444. 17441. 528. 599.
1114147445 4114511441. 1145151411, prob. 114414 151941444(16411444151414944. 389421.

4414. 1451. 190 290. 291. 15194144 04411441444441144444141228 252
1114141445 51414141 (do 51414) 42. 63. 75. 15194144 34414 4Η45445449414441 1144944. 482.
914141445 6444141 14441. 14441411 286. 331. 333. 151941444 8144944144 260.

630. 1544444141 503.

1114141445 1544144411 568. 16441414 1. 16441144 5444941411461444544944, burg.
1114141445 15441416 599. 600. Ρ449. 142. 165. 181. 248. 281. 289. 322.
1114141445 54144441, pose} 0444. 502. 323. 447. 453455. 461. 462. 471. 476. 478.
1114141445 5454144144 5141. 111144. 550. 491492. 501. 517-520. 522. 551. 576. 582.
111414144 m. 48. 16441414 11441144, 9444111799. 164. 181.

wolbon m. 310. 1414441 (1141441) 46414. 7799. 641. 642.

11141414 4444. 139329. 14441446 (1444144415) 45. 8444514.

114194 n. 499. 1149445414 m. 292.

11141445939. 49. 69-72. 84. 200. 384. 467. 497. 1144414 8. 91. 261.

500. 553. 566. 587. 594. 595. 597. 608. 609. 1144444411 14. 1144444. 7.

611. 612. 1144444411 syn 171441. 14114444. 202. 314. 335 337.
1114134 4444. 590. 111144 45. 2114444
1141154144 4144414 45. 14414. 11414 w. 294.

111444144444141 45. Marcia. 1454 46414 Β41. 14. 114444. 176.
111444144 m. 38. 80 248 272. 273. 283. 324. 327. 1454 14. Pol. 2 5. 6. 10. 12 21. 2324. 30. 36.

407. 420. 421. 431. 440. 446. 454. 461. 464. 42. 47. 53. 61. 65. 66. 75. 83. 09. 130132.

491. 509. 576. 578. 579. 590. 619. 138. 143. 203. 241. 243. 271. 293. 307. 317.
11144414414414 38. 104. 277. 278. 283. 324. 327, 1454 45414 Β41. 14. 01444. 119.

421. 431. 453. 454. 456. 464. 479. 493. 497· 1454 1444544414. 644444. 302.

546. 579. 589. 635. 1454 46414141444147491411. 366471. 630. 643.
1114441444144 (11444414 433. 14114 m. 607.

11445444 44 202. 322. 377. 571. 14414141 944417799619. 651.
1114449446 4444. 245641. 11344454 mm. 385.
11144414 (1111444141 (141441. 229. 11644444414 4144414 386.
111144414 4 664141 prob. Pozn. 33. 46. 11944441 ces. Rzym. 7. 28. 282.
11944441 w. 14. 1411 81. 83. 89.
4 Ι, 11944441 14. 544414. 616.
1194444441 44415. 64145444. 114.
1494445411 45. 144 11944441 5114456441 poso} 1799. 115.
1494454 herb 441. 123. 11944441 syn 1144144. 7491411. 446.
14194 45. 7711541444. 1γ9444441 4441144444 274.
14114441 45. Pi 414. 1141444144 m. 124.
14144144 45. 4464441. 111444 (111544141111144, m. 497.

 

