48 004404004 0404044040400. 401448.

1404004004 444040 4400404044 40410440 4000, 04004400ιὶ00 4444000] 4040440·
4044.

Ρο4 40040 0004 0400, Βο100400 404040 4400404044 040044400400 00040
4000, 04044000 4 0400440 40444, 44410004 Ρο104400, 4404040440 Ru-
040, 0 4ἰο444010 00404 0400400404040 140040440040 N. 4404 04 00001 0 004-
4040400. 1404404044 4441 4 400410 00440 0404044040 004000404 mu 0 00-
0000 400 400400004040000014 4104004 40 040440 404000000, 4040040400040 go
0041040 000400000400 40 4440 04040400 410 444100400 Ρο1044000 04400401-
00404, 040 40100400 0444 sam 4 040440, 0004040 04404 4000404040 4004 40404-
440, 040100 4004140004 1404 401000 4 0400004 04040440 jej 0440040 4 0000-
440040. ,10404 000404404, 40 4040044140 040 00004040414004040, 040140 0044004440
4404040 84104440, 404 04004004040 04 4441004040 Ρο1044000 04040000, 40
0000 40040 00040 040 4 0440 00400404 4 00 0000 4004000404.

· 401044 00000040104400041000 1100000.

W Ρο0404440104 0440440400 S. 44040044040, 4441, Κο44404044 00-
00400040 4 Κ404000, jad} 04404 4 44000004 0 4440140400, 4404 0040-
00444 400440 44000 001404 00400404. Α 040 04404 44000404 04404044404,
0440404 40 04000 000400 4 4004004004θο 004040 4 0440400040, 40 00000040
4101400044 Roman, 4404 0404004ηο 14140040 00000040, 044040 04404 40-

04040004 001440 00040, 0014140404, 0 04004004044 40040440040 Ν. Ρ. 410404 4

. 40040 4040440404. 14441 4404040 40104040 0000 40404040, 044000400404 4404 1404- ’

44400 00000 004044 40 440404 14004400, 0100 0 4101400004 0440044044
00440 4 00440404. 411440444οΙ0 00 S. Μο400440040 40000404 40 4440400-
410, 0 004440 0404 040 40 140000. -

W 4040404 4040040044 uelem 040400, 44440 04010 40404 004040 4 404440.

40004 0004000 4040, 0 Ρο0404440404, 44040 4441 Κο44404044 4 Κ40- ³

4000 00 1404 00400401, 0 80040040440 0404404 040400 0 4040401
Ν. 40404, 4 4440040040 040404 40044000 400140 0400 0404000, 0440444 0410-
040040 4 0004140 14040401οζ 04440 0000404000· Κ4404 41044 4400404010, 0 440440
40404040 0404000, 00 4401000 4000444 0044400404, 41000 4040 04 00404404
0440044; 00440 401040, 4444440 144404 404 00400440, 0440440040040, 4 muru
404040100οο 44140 040040 00004444. 14440040 4400401000, 04440 04040 440-

 

