111454.» 1111111111 1111111111111. 145

1111111111, 11111111111111 1111111 Κ11111111111 1111111111 1111111111
111111, 1111111111 11111111111111 11111111.

11111111 11111 11111111111111 1111111111 111111 11111111, 1111111111 11111--
111 1111111 1111111 11 111111111 1111111 1111111111, 111111, 111 111 1111 111·
1111111 1111111111 11111 1111111111.

11111111 11111 111111 Κ111111 S. Ρ11111 11111111 11 Κ1111ο11
1 1111111 1111111111111111111111 1 111111Ρ111111111; 1111 111 do 11111
11111111111111, 111111 J 11 Β111111 111111111111111111111111111 11111-
1111111 11111 11111111 1111111111 11111 111111111 11111 11111; ,Ν11 111·-
,111, 1111111111111111, 111111 111111· 111111, 1111111111111111 1111111111, ’
,11111111111111111111111, 1111111111 1 11111111 111111111111 1 1111111
,11111 1 11111111 111 11111 1111111111111111111111111 1 111111 Ρ1111111-
,11 ’111111 1111111111 111111111111111 1111111111, 111111111111
,111111111111,1“1111111111111 111 1111111111, 11111 1 1111111· 1111111111·
,1111111 Najpierwej 111111111111111111111, 1111111111111111111111 1111-
,1111111111 1111111 Ρ111111111 11111111111 1 11111111111 11 1111111111
,Ρ111111111 11111111. 111111 111111111111 1111111111 1111111 11111111
,Ρ11111111Κ111111111111 1111111111 111111111111 1111111 11111111111

,111111 11111111111111111111, 1111111111 1111 1111111Ρ11111, 1 1111111
,1)111111111, 1 111111 111111111111111111111111111111 1111111111111.
,111111111111111111111111111111 111111111111 1111111, 11111111 1111-

,111 1111111111, 1111111111 111111Ι 11111 111111, 11111111 111111Ρ11-
,111111111111111111111 11111111111111111111111, 1 1111111111 11111
,111111 1111111, 11111111111111111 11 11111 1111111111 111 111111111 111-
,11111111111111 11111111111 1111111 1111111111. 111 1111111 111111
,1111111111 to 1111111111, 1111111111 1111111111 111111111 111 1111111
·,1111111111111’. 1111 11111111 1111111 11111111, 1111111111111 1111111
,1 1111111111111111 1111111111 1 1111 11111 Βο11111111 1111111111-
,1111, 1111111 mir 111111 1111111 1 11111 111111 1111 11111111111111
,1 1111111111 1111111111111, 11111111111111111Κ11111111 po
„nieprzyjaeielsku 1111111 1111111111. (111 111111111 111111111111 11111
,1111111 1111111111 1111111, 1 111 1111111111 11111 1111111 111111 111 11111-
,1111111111111 1111111, 111111 1111111Β1111111111111 111111 1 1111111-
,11111111 1 po 11111111111111111 1111, 1111111111 11111111111 1111111111,
,11111 11111111, 111111111111111111111111· 111111, 111111 1111111 1111111
,111 111111111111111111. 1111111 11111111111111, 1 11111111111111111 pro-
,111111111 11111, 111111111111111111111111, 111111, 1111111111, 111111111-
J. Num. 1³:101· Polme. nm 19

 

