77. 1446. 7777777777. 17

7 71771777 7171777 7717777771, 7 177777 7 777777 7777777 717 717777 7 717 777-
7177177, 77177 777 7777777771 Polskiego 7777177 1 777717717771 7777 77777777
177777 777 17717777 71777771. Po nim drugi 7177171 77177177 71717777 1177-
17777171 7771777777 77 77177717, 7177771711, ,77 77771 7777777717 1177777777 “
,71177 717 77771 777 717771777777 1 1777777777 717 7777177 1777177777 Ρ7171717·
„ga On, 77711, 7 7777777177 1771777717177717717177 7777177777 7171777-
,777777777 7777777771, 7717777777 77 7777777717777 771 Ρ717171, 177777·
,77 717771 77777717 17777771, 7771777777 71777777 17717777, 7717777711 777777
,7777777777 7777 7 777177 7177177111771771777 177717, 77717177. 07
,7777 717 7171 7177717171777 1777177777, 777777771777777177777777, 7777177717
,771777 7777777717 7777777, 7777777717 71777 1777171771Ρ77171717177. 07
,7171717777 77777777 Ρ717171 77777717 7777177177 777 7177777777171777, a 7717·

,7777777777171177171777771 1771777717 71777717177777, 771777 777 777171 ,

,77 717 777717 77777777, 7717 77177 71777717 77171 77177777 1 771777 Κ777771777
,Ρ777717177, 1777777 7 71717 7771771717 777777717711 7777117777 mu i 77777-
,77777 7 771777 7777777777. 07 7777777777177· 71777777 7777777777 7171771777,
,7777771717 1 17777777. Ζ711771 717 777177 77 177177 Β777 7777, 7 7777771777-
,177777 Ρ7171717, 77177177711777771 717777777177771, 77717777 7717171777, 717-
,777717777 7777777777, 7777177777777 7777717777 7177777777 1 77717771, 1 17-
,7771 7777777771, pod 7777177 777771771117777 1771777717, 177777 77 77777777
,7171 7 7777777717, 7717717777 771717 77771777 777771777717, 1 717717177 777177
,77777777 177777 7777777177717177 777177777717777777777. 11177717, 77711,
,1777177777 07771717, 77171 7771177717 71777771171717177777717771777, 7777
,7717 7177777 1 7177777777; 71771777 7777771 do 7777177 1771777777 111777177-
,77771777 Luxemburskiego 777177711 77 77177777 1 7177777777,
,1 71717777 77777111 7771777717. Ρ77177717 1 77 1777177777 Ρ717171777777177,
,7717 do niego wniesiemy 777717 77777777 1177777717-1777, 1 7777777177
,7777777717 7717777777 77717 17771777. Ρ7777 ningo 7771777 77 777 77777771
,7717777 777771771177771, 7777771177 7 7777777177 77771777777 7777717771, 77
,17777777 77777717 77777 1777177777, 7717 77 77771777 7777717777 7717777777.κ

11777· 777777 71717771, 1117177177 1117717771717 7177717777 Ρ777771- ’
7171, 7 777777777 7177777 7777711777777177777771717777 (17177717771717

go i 71717777 Κ7717777171777, 7 777771 77 771777 777717771777 77777
271771777 71717777, 77 777777717777777 1777777 Ρ71717177· 777711 777717-
77177 7777777717, 7777717717777, 77 7777711777 7771717 1777177777 Ρ7171717,
1 77711 777717 jego 71777777 717 77777777771. Ρο7777 Ρ7771 71717777 Ρ177171,
7777777 (177177777717, 771717 7717717 77777777 ,1117 771777 71 717, 777171,
,777777777777717717777 7777717777 777777717777777, do 7777177 1777177777 Ρ71-

,7171777 7777177711, 7717 7777717777 771777711777717717177, 11117-
,71771777 1 Β71771777, 71777177 7777777 1 7777777, 1777777 7 7717717717
J. 11177777. Dulcia Polme. 11. m 8

 

