111448. 1111111111 1111111111111. 51

1 11111111111111 111 11111 111111 111 1111111111, 111111111111111,.11111111
11111 1111111 111 11111111111111, 11111111111111111111111 1111111111 1 11111-
11111111ε 1111111111 111111 1111111 1111 11111 1 111 11111 11111 111111111-
11111 Κ1111111111111; 111111 1111111 111111 1111111111 11111111, 11111
1111111111 1111111111, 11111 1 1111111111111111 1 11111111 111 1 111111111-
11, 111111 11111 1 11111111111111111, 111111111111111111111111. Ρ11111111
11111111, 11111111111111111111111 111 111111, 1111111 1111111111
11111 11111 1 11111. Κ111 1111111111 1111111111 11111 1111111, 111111
Ρ1111111111111111111111111111111 list 11111111 111 111111111111111,
1 111111111111, 111111111111 11111111 111111111111111. 11111111 11111·
11111111, 111111111111 111111 1111111, 1111111111Κ11111111, 1111111111
11111111 11111 11111111, 1 1111111111111111 11 01111111, 1111 11111,
111111 111111111111 1111111, 111111111 111 1111111111 111111 11 1111111,
111 1111111111111 11111111111111, 11111111 1111111111 111111111-
1111111111111111111111 11 11111 1111111111 N. 111111, 1111111111
11111111111111111111 111111, 11111 1111111 1111111111111111111, 1181111
11111 1111111 S. Β11111111111 1111111111 1 1111111111, 11111111111111-
111111111111111111111111 11111111 11111 111111111, 111111, 111111Ι
1111111111111111111,111111011111111111111111111111111,
111111111111111 1111111111111111111111111111,1111111111-
11, 1 111111111 11 1111111 11111111111111. ei po 111111111111 1111111111
1 11111111, 1111111111111111111111111111, 11111111 11111111111 1 111111-
111111 1111111111 11 1111111111 111111111111111 Ρ1111111, 1 111111111111111-
111111111111111 11111, 11111111 11111 1111111111 11111111111111111111 1 111-
1111111 Ρ111111111 1111111111 11111111 11111111 1 1111111111111, 1111
111111111 111111 111111111 11111111 1 1111, 11111 1111 1111 1111111111 111·
111 1111111. Po 1111111111 1 111 111111111111 1111111111 11111111, 11-
11111111 11111 1111111111, 11111 11111 111 111111111111111111111 111111111

1111111111, 11111111 1111 11111111 11111111. 1111111111111111, 111111- .

111111111111 1111111111 11111111111 1111111111, 11111111 1 111111
11111 11 11111111111111111 111111, 111 11 111111 111111111111 111111 “

11111. 111111111111111 1 11111111111111, 1111111111 11 111111111111111111
1 1111111111 1111111111 111111111111111 111 1111111111. ,111 111111111 1111111111
11 111111, 1 111111111111111 11111 1111111111111 111 1111111, 111 11111,
11 11111111111111 11111111 1 11111111 111111111111111111111, 1111111-

1111111111 11111 1111111111 111111 11111111, 1 1111111 11111111 11 ’1111-
1111 111111111111, 1111111111111 111111111111111 1111111111111 1111111111.
Κ11111111 111111111 111 1111111 11 1111111111, 1111111 11111 11 1111
Κ1111111111 11111111 111111111111111111111, 11111111111111111, 11-
11111111111111111111, 11 1111111 11111111111111 1111111 1111111111111-

 

