01466. 0000000000 0000000010000. 423

0101000010 01000000 001001 10010100Ι 0001000000000 000001010, 01110010100
rodem i 00001100. 11001010000100 1001101010, 0000 0 000000100100-
mi, 111000 0 nim 0001010001 0 Βο10000000, 1010000 0000011100001011
0011000010, 010 0101010010 1100010 010 0000001010 100 010110, 1 010 00 010-
1011001000010, 010 101 110 00100010 0101000 110011, 11100 0000 0101 00010-
01000, 001 1101000, 10 101010101000100000100010001, 00000 11100 110 Κο00-
10110 001010110 01001όο 111οο1001101 0000000 0001111; 10 0100 000001010
0001000000, 1 000000000 000101010100000 010000, 11100100·1010010010101000-
010, 1 Κο00101000, 010010 jak 101 0100001100, 00001000] 10100010 010010,
000100 0001001010 0010 Prusy 00101001. 1000 001000 0010001 000000 00
0000011101 001001, 001 10100100001111011100· Ρο1011 1Κο000 0000001011οο-
10101110 10110010, 0 0000001, 1000010001 1 innomi 0000101001, 001 11100·-
0100, 010 jak najspieszniej 101010 0100101 10000, 11100001 0000100010.
Ρο01001000 0010010010010001000, 00001010 0101110 00010100 00010 1 0010101-
110, 1 0 001000· 010000 0010010 0001000110 010 000110 101100101000. 1011010-
00010 00010001 00 0110101010, 111000 0100000 0010000001100000 00010000000
101010000 0010111, 1000 01010000· 0010100011 1001010101. 10000, 010 010 0110001οο
0000110 10 001010, 010 0000000011 001 1 0000000 0100001, 010 0001000 0010011
010 10 101010, 000000·οο 010010 1 bez 0000000. Ρο0001 101 0110100000 100100-
001 01010010101 00000111ος0, 0 001000000 00001 000000, 00000 00 1 10101000

1 1001000 00000 0100010 0110. 8001000000 hylo 100 001010010101000010
11010001 1100000, 011011 81000001010100010, 0101101000,1110
10 10 0101010010 101101010110100100010 0 0011110 100000, 010 10 100010
010010 001010 pod bokiem 111010, 1110001010101010010 1000010110000-
101101 000000 0010010001. ’

110100 1001001000οο 1011000 10101100 0101011100 01010000100100000 1000110
10000 010 01000010 011010 0 00110, 00 0010010101οοοι 11010110 110100010-
000101011000, 100010 0101100100010101100.

111010 010 0111101 0000, 0 1110000 001000 0 1000010 010100 00001
0 0010 001000010 0 00110, 1001001000 krol, 00000100οκ0 οΒ010000000,
101010001001000 111010 0001010001, 0010000 00000000 0001010000, 11100
1 110101όο 101010001000001011001010 1010110ιο 0001010010, 0 801010,
1010 00101000 01001000 1110001010, 0100000001010 J 000 000011010ρο 110101-
0100011000,101110110100011100100011000,101000οΡ000οι1·
011000, 8100101000 0 0010000ςο Κο11011000, 801010000 010·
10010 810001011000, Ρ10100 0 0000000 10000011000, 1000
011010101οο 1000000100011000, 00000100,1010101010101001000001

 

