n.1478. 1111111001 1101111010111. 639

01001 10111101 (1011101 1110101011 010 11100101 0101011, 111011 1101111-
mu. Syxtus 101101, 11110100 001010 010010101010111111011000, 10101101-
(1010010 010111010ρο Ρ11011011010 1101111 00 11010010111110110-
011110 110101, 0110111 101 110110, 0 1110111 11100 1011000010 0010001111
01 1011011101 10100101 1 10110111 0101 01 do ozwartego 1101010010. 1110101010
0101101 111101101110101010100, 0010 11110011 10101011 do 11001, 11101
101001 101101011οι01 110011. Papio& 1011001 101001110101101110001010
1111010 100101110101110, 1100101010 1111010 110110ῐο110 1 Sie-
00101110011; 110100101110110 101111110111010011101,110-
10010, 1010101001 11011010101100 1 Βο001101110. 01101110 011001
01001011 1 0010 1011101001010, a 101101010011100011101 1011010110111,
11101011 001 1011110 0111010110 1 110110010010.

sumn 1110011 10110111 trapi 1111101111 1011101010.

8011111 1010011 110101001, 0100100 010 110100 1 11001 1 10100, 111-
1010111111101101101110001110011, 1 010 01000 1001011111οέ 0100010001· (110
0101101011, 01010 11010 S. 1101111100 111101111Βοοη11 10 Κο111-
111 01100100 101010; 11110 010 00101101011 1001001 1110011011 1 01010, 0010
Κο110110, od 1110010 1101101ςο (110110110110) 01 10 Willach
i (1100011010, 1010100111 1 10101011 01001001110, 01010110 1010 1101010010
10110010; 0 11001 1000001011010 1080101011011, i 0101011011 do 11011
111011, 1101001111010100111, 111111 110 00 1001010 1100111 1111011010, 111011
1101011. 11111101010101010 0101011000 100010, 0 111010 101110010100011110
010101111101011101011011111011, 111111 (10101 1011010111 01010101001, 111-
1110 001 01011010 Al p 001011, 0011011 1100110110 (1101010οη concava) 110
111010111101011111100110111. 11101010010110 1 01100111111110110010,111
1 1110101011101010010, gmin 010111010111 11011011 1 1100100 0110101111
0101010.

1010111 1110110 11100101 1010111 1 10111.

Pod 10010 0011 0100 1010111, 010101010011101001, 11111110111010
1010101, 11100111011 10 11001001111001110, 1011011011101110100 00110-
01111. 11001111 01010110111011, 10110010110 Ρο10110 10101101110111011
11001101 1011010, pod (1011111001 811110 1 1010010110 10101011
1101011010, 1 1000 01101110 10101011 10101011010, 0101010
00101111110010 1 101010101, do boju, 0010011 010, 1 1101011011 110110 po·

 

