0000000) 0000000 ι00000000οΗ 0000οΗ ι30000000ος 0000000000
0000000 ’00003 00 00000 0000000000 ι00000000ος 0 00000ος 0 [000
-00000 000000 00000000 0000000000 000000 0000 000000 00 0000000000 0 000
0000 00000000 00 0000000 ι003000 0000000 00000 0000300 00000 (000000) 00000
-uum 0000 000 00000 0000000000 00000οω 000000 0000000 000000000ου 0 oz ι30000
-0000 0000 0003 000000 00000 (00003 0 0000000ορ00 0000 000000 000000 0000000 “
-op ι0000000 000000 000000 000000 od 0000000000 00000000 00000000 00000
-00000 ι000000000000000000000 0 0000000 00000000οι01 00000000 0 00 0000000001
000 000000 00000 0 0000 00000 0 0000 000000 (0000 000000 0000000 000000 000000
000030 M 0000000000 0 (00000000 00000000 (0000000000 0000 00000000 0000000
Ι[0000 0 0000000 000) 0000000000ου 000 0000 00000000 000000 00000000 00000 0
0000000000 00000000 0000000 000000 0 00000000 00000 000000 0000 od 00000
00000000 0 [00000000 0000000000 00000000 000000 0300 0 00000000 00000 000
00000 00000000 00000οΗ 00000000 0000003000000 Ζ 0003000000 00000 000
000000 00000 0 0000000 00 ι0300000003000 00000 000000 0000 000000 00000
-0000 0 0000000 03000 00000 00000 0 ἐ 0000000000 0000000 (0000000000 0000
-000 000000 0 (0300000 000 03000 (0000οΗ 0000000000 0000000000

’0000000 000000 0 0000000000 0300000 000 0000000 00 0000000000 000000
*0300000000 00000 0300000 0000 ‘whom 00000000 00 ‘uuam 0000 ,som

000003 0000000 00000000ορ00 0 00000 00000 00000 0300
03000 M 0000000000 0000000 00000000 0 ι0000 000 00000 ι0000000000 0000000000
000 00000 0000000000 0 0000 00000000 03 00000 (00003 0300000000 00000000

’ 0000000000 0000 030ορ 00000 0000000000 (00000000 0000000000 00 00000000

000 00000000 (0000000 M ⁰1v ’0000000000 0000000 000000 000 0000000 030000
0000 0 0000000 0000000000 0000003 0003 (00000000 0 03 00000000 000000000ου
00 (000000, ι0000000 0000000000 0000000000 0 0000000000 0000000000 0 0000
-00000 M 00300 030000 ι003000 000 0000000000 M 0 0000000 0000000000000000 0
0000030 000000 000000 000000 (000000 0000000 000000 0000000000 00000030 M
00000 00000 00000000000000000 po 000 0000000 000 00 0000000 00 000 (0000000
mm 0 00000000 00000 0 0000 (00000 00000000 00000030 ’00000000 03000 0 000
00000000 00000000 0 0000 0000000000 000000) 0000000000000 000000 0 00000
(00000000οιοχ 0003000000 0000000000 0 000 00000000 (0000000 0 0000300000
0000000010 0 (00000000 0000000 0000000 000 0000 0 00000 (00000000 0000 00030
(0000000000000000000 0000000000 paud 000 00000000 0000000 M ’0000030 000000
-00 0000 ί0000000 00 00000000 0000000003 00000000 00030 0000 ι0000000000]οἰ
0000000 (0000000 0300 0 0000000 0000000000 000 000000 0 ι0000000000, 000
-0000 pod 00000001 0 0000000 00000030 M 0000 0000000 0 0000000000 0000000

mr “ ’0000000000000 0000000000 00900 Ἦ

 

