512 11111111111611116161111. 1. 1410.

,1616111 1616111161, 111 11116 11611 11611161116116116111, 1 111161 11111 ¹
,1116161111111611 6161161161 1161161, 1111611111 111161111116616 Konta³ 1
,161111111161101116611111161111 116116 1616 111116111616, 61166 3
„Ziemowita 1111111611 Μ116116611616, 61111116 11116 161 1111116 1
1161616, 161611 11111116 1111111.“ 1161111 11111111 1116116661 11161
11616111611611111611161111111 111 (11111611616111111161 116 11111111, 6116
11116 161 do 111616 16111111 11611616. †
11111611111661111 1111 do 1111616 Ρ61116 II 1 1616111116 Mi·
61111 61611111111611 8111111111111161 11116, 1 111111 De· 3
1161111616 1111616111 111161111, 11616111Κ11161111616, 116611111· 11, 3
111 1611161116 11111111 do 11111, 1 111111111 1611111, 11111161 1616 3
116161111111,1111161116111 166611116 1111111, 181611611116116111161Ι 6111616111
1161111611611,11161111611111 1611116116116 111616 1111111611 1111116111 116 3
11611016111616 1111111111, 111111111616 syna 111161111616, 1111 1
6116111111616116116 11611 116111, 1611161 61161116611 11116 We 1161- 3
111616 1111111611 1ο 1611116116116111111 1 1611161111 11111611 11111 We-
1161111616; 1111111611111111111161111111, prosili 6 1611161116116
111161161 11 1161161 (11661161 1 161611 1111111616 1 Ρ111111.
Ζ111111111116 1 1116 1116111 1161616, 1111 Κ111111611 uda} 111 mx
1 1611111611 11111611 do Poznania, 11 6611 1111611611 111111611 Β6
1616 01616, 1 (1161116111 11111, 11111 111 1616116 11616161111161161
’ 1611111. Tu 161111 11161111111 1 1111111111 811161161111616 3
18111111611 1 011161611 Κ611111616, 1616161111, 1116116161 61 1
66111111111161111 11111111 111111616 1111116116; 11116 16 11616116 11 16
116 61111 111161 1111116111116, 1111 16 116161116111111, 616111116111, 111 ’
1116161 1161161111611611 do trouu Wegierskiego 1 016111616 nie
’ 11111116, 1111· 1166161111 1111116161, 11 1111111 661111 1116111 sie 1111611
111116111111, 1611161116, 1111 1616111111611616111111111611161111116
16111 111 1111116111. Ζ Ρ6111111 11166161 1111 do Κ611, 11111 61111111
1111161111611616111, 111111161111 11116111 1116111 do 1611116111
16111111 16 1161116111 1 1111. 11111 11611616 uda} 111116 1161161111, 111111
616161111 111111 Ν6161116116 Ρ111111616.

Po 11111111 1161616 11111111 1111111616 11111111161111611611111161161161.

W 1611 1111, 11116 (111111611616 611611616 Κ1161111, 1116111 16 1111111
11161611111611161111611611111161111,1116161616111611116111
1166161111 161111, 1116116111111111111161161 111 (1111116111. Po nim 11111111

 

