1. 1462. 11111111 1111111111. 323

1111111111, 111111 111 11111 111 1111111111, 1111111 111, 11 11 111111
Κ111111111 1111111111111111111 1111111111, 11111 111111111111111111, oo
111111 11111 11111111. Α 11111 1111111111 111 do Wo j 111111 Κ11111,
11111 111111 1111111111 11111111 1111111111 1 1111111 Ρ111111, 11111111 111
11111111111111111111111111111, 1111111, 11 go 1111 Ρ111111 111111-
kim 1111111111 111111 1 1111 1111 11111111 111111111111 1111111111. ,11111
,1111111 111111, 111 111111, 11111 111111111111 1111 111111111111 111111-
,1111111 1111111 1111111111 Ρ111111, 1111111 1111111 11111 dlugo 1111111-
,111111 Drugi 111111 1111111111 11 1111111111 111111 1111111 11111 1111111111,
1111111111111111111 1 11111111. 1111111111 111111 1111 Ρ11111 111
11111 1111111111 1 1111111111 1111 1111111111 11111 11111 1111111111,
1 111111111; 1111 (111111 111, 11111111, 111111111111111111111111
111111111111111, 1111111111 111 11111111111111111111111. Ρ11111111111111111
11111 1111111111 1111111, 1 1111111 1111111111 11111111 1111111, 111 11111 do·
11111111, 1111 1111111111 111111111 11111111111 Β111111111; do 11111111,
1111 11111111 1111111111 11111 11111111 11111111 1111, 1111111 111111111-
1111111111 ,111111111111111111111111111 111 Ρ11111, 1111 011111
,1111111111 11111 11111 11111111 11111 1111111 Ρ111111111 1 111111111,
„i 1111111111, 1111 1111 Ρ11111 111111 1111111 J 111111, gdyby (111-
,1111111 111111 11111111 1111111 1111 111111 1111 (111111 111 1111111

,1111111111Ρ111111111111111 01111111, 21111, 1111111, 811- ·
,111111 1 Β1111111, 1111111111 111 1111 Ρ11111 111 1111111111 111111·
,1111111111111111111 1111111 1111111111111111 11111 11111111-
„skiego i Gzeskiogo 1111111111111111111111111; 11111111, 1111111

,1111111111 1111111111 1111111 1111 1111111111111, 1111 111 111111111111111111
,1111111 111111111 Polskieg0.“ 01111 11111111 Ρ1111111, 1111111111
1111111111 11111111 11111 Ρ11111111 11111111 11111111111111 Κ111-

1111111111111111, 11111111 111 11111111111,1111111, 11111111 ’

·1 1111111 1111111111, mimo 1111111111111 1111111 1111111 J 111111, 111
11111111 od 11111 111111 1111111111 11111 1 111111 Β11111111 1111111111
111 1111111 111111 1111111. 1111111111 1111111 111111 1111111 1111111111 1111111
111111111111111, 11 1111111111 11111111 1111111111 111111111111. 1111-
111111 111111 Β1111111 11111 1111111111111111111111 1111111 1111111111
111 1 11111 Polskiego Κ111111111, 111 11111111111 margrabi
Β11111111111111 11111 111111111111, 1111 1111111111 1111111 Pol· 1
111111 1111111111 1111 11111 (111 1111111 11111111 11111111.

 

