11. 1466. 1111111111 11111111111111. · 435

,1111 Κ1111111111111111111 111111 111111111111· 1111111 1111111111, 11111111 ’
,1111111111111111 1 11111 111 1111111111, 111111111111111111111111111,
,1 111 111111 do 1111111111 1111111111 11111111. Ρο1ο11111 1111111 War-
,11111111, 111111 11111 kapitula, 11111111 1111111111 1111111111 1 11111111
,11111111 1111111 111 111111 1111111111111111 111111111, 1 11111111 1 111111
,111111111111111111111 11111111111 111111. 1111111111 11111111, 1111111
,11111111 1111111111 011111111111 1111111111111111111111111 1111111111
,1111111111Κ1111111, 1111111111111111111111111111111111111111
,111111111111111111111; po 1111 111 11111111, 111 1111111111 111111 do 1111-
,11111111111111111111 1111 1111111111 11111111. 111111, 111 1111111, 11111111,
,1111111111 11111 1 11111111 111111111111111, 11111 1111 111111 1111111111
,1111111111 1111111111. 111 1111111111 111111111111111111. 111111 1111111111
,111111111111111 111111 1111 do 1111111111. 111 1111 1111111111111 11111111
,111 11111111 1111111111 1111111111. Do 1111111 111111111111 S. 111111
,1111111111111 1111111111 1111111111 1111111111 Ρ1111111ο, 1111111111 11
,1111 1111111111 1111111111, 11111111111, 1111 ich 11111111111111 111 1111-
,111 W 1111111111 1111111111111 111111 11111111 1111111111, 1111 11111
,1111 11111111 1111111 1111111. Na 1111111111 111 1111111111 11111 1111111111
,1 1111111111111111Ι 11111, 1 1111 1111111111 11111 Ρ11111111 1 1111111
,111111 nie 111 11111111 1 11111111. 1111111111, 111 1111 11111 1111111111, 11111111 '
„i 1111 111111 1111 1111111111 111 11 1111111Ι 1111111 1111111111· ani 1111111111,
,1111111111111111111111111111111111, 1111111111111 1 11111111111111 11
„to 1111111111, ’1111 1111111111 go 1111111111. 11111111 111 w 1111111111 Ρο-
,1111111111, 111111111111· 1 11111111111111, do 11111 1111111-
,1111111111111 1111111 11111, 1111111, 1111111111, 11111111111, 111111111-
,11111 1111111111 111111111111111 1111111111 11111111111 1111111 1111111,
,111 1111 111111111111 1111111 1 1111111111 Ρ1111111111 1111111111, albo
,1111111111111111111111111111111111111 1 111111 111111. 111111, 1111111111
,1 1111111111 111111 1111111111Ρ1111111ο, 1 1111111111 do 1111111111 11-
,111111 111 111111 11111111 11111111 11111111, w 11111 S. J 1111 (1111111111 111-
,111111 1111111111 1111 1111111; 111111 111 111111111111111111111111111111111
,1 1111111111 111 111111 w 1111111111, 1 1111111111 11111111 111 1111 11-
,111111111111 1111111111 11111111 11111111, 1111111111 1111111111 1111111111
„w 1111111111111 1111111111 111111 obu, 1 111111 111111 11111111, 111 1111
,1111111111 1 1111111111111. 11111111 1111111111 1111111111, 1111111 11111111111
,1 1111111111111, 111 1111111 11111111 1111111111 do 1111111 1111111111, 11111111-
,1111111 11111111, 1 1111111111111 1 111 1111111111. 11111111111111 1111111111111
„albo 1111111111 111 11111111 11111 1111111111 111111 1111111111, 11111111
,11,11111111 11111 1111 1111 1111111111 11111 1111111111 11111111· 11111111. Za
,1111111111 111 111 1111 111111111111111 11111 1111· 111111, 1111111 111-

 

