11. 1460. 1111111111 1111111111. 281

11111 1111111111111, 11111 11 1111111 1111111111 11111 1111-
1111111111111111111111111111111111111, 11111 11111111111111111
111111, 111-11 11111111 1111111111, 111 111111111111111111111111) 1111111,
111111 0111111 111 111111,11111111111111111111 11111111 1111111111
1 1111111111. 1111111111 11111111111111 111111111111111111111111111111
1111111111 11 11111111. 1111111111 111111 (1111111111, 11111111
1111111111 111111 111111 111111 111111, 111 11111111] 11111111 inni 1111111
011111 1 111111111, 111111 11111 1111 1111111111 111111 1111111, 11-
111111 11111 11 1111111111Β111111 11111111 1111111111 0111111111Ρ11-
skiego, 11111111 1111111111 1111111 11111 11111111 1111111111 11111-
111111, 111 1111111 1111111111, 1111 1 1 1111111111 111111111111, 1 1111111
1111111111 1111111 111111111111 1111 111111 1111111111. 11111 111111
1111111111111111111 1111111111118111111111101111111111·
111111 Κ111111111, 111111111 111111111 1 11111111 (1111111-
1111), 111111111111111111111111111111,111111111111111111-
11111111111111111111111 1 11111111 111111111111, 111111 11111-
1111111 1111111111. Ζ 1111111111111 1111101111111111111111 1111;
Ρ111111111, 11111111 1111110111111111, 11111111111111111
1. 8111111111811111111111), 111111111111111Ρ1111111111111111
1. 1111111111, 1111 111111111111 1111111111. 01 111 1 11111111111111
1111111 1111 1111111, 11111111 1111111111 11111 1111111111111111 111-
11111 11 11111 1111111111 1111111111 11111111111 11111111 1111111111, 11111-
111111111111 111, ,11111111 1111111111111 1111111111 11111111Ι 11111111·
11111111, 1 111111, 1111 1 11111 111111111111111, 1111111 0111111-
,,11 111 1111111.“Ρο111111111011111, 1111 1111111111111 111 1111111·
11111,11111111111; ,111111 11111111111,1111111111111 1 1111111111
,11111111111111111111111111111, 11111111111“11111,,11111111111111
,1111 11111 11111111 111111111111111111111 1111 111 111111· 1111111111111
,1111111111 111 11111 11 11111111 1111111111 1 1111111 111 1 111· 111111111,
,11111111 0111111111 Ρ111111111, 11111111 11111 11111111, 111
,111111 11111 1111 1111111· 11111111 1 111· 1111 11111111111111111111111
,1111111111 1 1111111111 11111111 11111111111, 1111111 1111111111 111
,1111111ι 1111111111 11111111111111 11111111 011111ε ,111 1111111111 ’

,1111 11111 11111111, 1111111111 1111111· 11111111 111111111 1111111111,
,1111111 111111 1111 1111111111111,111111111111111111111 111111, 11
,111 11111 1111111 11111111111111 111 111 11111111 11111 1111111111111111
,11111111;111111111 11111111111111111111 1111111111, 1 111111 1111-

,111111118111111111111111111111111“ Ρ111111111,11111111Ρ11111
1111111111, ,1111111 11111111 111111 11111 1111111111 1111111111 11111-

. ,11111 11111, 1111111111 11111111 11111111 1111111111 1111111 11111111
s. mum. 11111 rom.. x.. 111. ³6

 

