1111111111111 1111111111 111111 op 1111111 1111111111 1111111111 11 (1111
11111111 1 (1111111111 1111111 11 1111) 1111 1111111 1111111111 1111111
-11111 1111111 1111111111 1111111 11111111 1111 1111111111 11 ί11111111 11111111
111111111111111111111111 1111111111 111111 1111111111 1111111 0 1111111111
·1111111111111 1111111111 1111111111) 11111 1111111 (11111111 1111111111 111111)
-1111111111111111 11111111 11111 1111111 (111111111111111111 11111111 11111111
-1111 111111111 1 11111111 11111 111111111111111 (11111111111111 111 11111

[1111111111 1111111111 1) 1111111111111111111111111 111111111111111111111
1111111111111111 111111111111111111111111111111111111111 1111 11111 (1111111111
1111111 1111111111 (1111111111 11111 1111111111 1111 11 1 11111111 1111111
1111111111111111 ι1111111111 11111111 1 11111111 111111 111111 11111 11111111
111111111111 111111111111 1111111111) 1 1111111111 1 1111111111111
-11111 ’11111119 111 1111111111111111111111111111111111) (1111111 11

1111111 111111111111 ¹
111111 1111111 ’1111111 1111111 11111111111111111 11111 111111 2 1111111 uer

mosoma op 111 1111111 11111111 11 111111111111111
111111 1111111111 1111111111 1111 1 1111 11111 ι11111111 111 11111111
1111111111 1 (1111111111 1111111111 111111111111111111111111111111
-11111111111111111111 111) 11111 11111 111111 (111111111111 11111 1111111
-111 ι1111111111111 111111111 11111111111111111 11111111 11111 111111111111)
111 1111111111 11111111 11111111 6111111 (111111) 1111111 1 (111111 111) 11111111
1111111 11111111 111 11111111111 po ί11111111 1 111111111111111 11111111
111111 111) 111111111111 ι11111111111111111 11111111 1111 1111111 ,11111111 1“
11111) 11111 111111 11111111111111111111111111111111 ’1111111 1 11111111
1111111111111 111111 1111111111 111111 11111111111111111111111 11 ‘stuf‘
1111111111 ι11111111 1 11111111 1111111 1111111111 111111111111111111111“
11111 1111111111) 1111 (1111111 1111111 ,1111111 1 1111111111 11111 11111
1111111111 ι1111111111111111111 111 11111111111111111 1111 1311111111111
111111) (11111111 111111111111111111 1111111111111111 ί11111111 111
111111111111111111111111111111111111111111111
-1111 1111111111 111111 op ‘vqsnsd 111111 11111 1111 111111 111111
1111111111 111 11111111
11111111 1 ί1111111111 1 [1111111111 1111111111 (111113111111111111111111
-111 1111111 1111111111 111111 (1111111111 1111111 ι111111111111111111111
-111 (1111111 111111111 1 1111111111111111111111 11111111111111 ι111111111111
1111111111 11111 1111111111 111111111111 1111 1111111111 1111111 111 ι1111111
111111111111 (1111 11111111111111 11111111 11111 ι1111111111111 1111111111

901 ’1111111111111 1111111111 -9911 Ἢ

 

