380 ,1111111111 111111111111. 111465.

1111 111111 1111111 111111 1 1111111, , 1111111111 11111111, 11111111 1
81111111 1111 1 1111 1111111 do Ρ11111 11111111 1111111111 11 11111 ff
1111111111111111 1 11111111 11111111111. ff

non νιιὶιιιι uos.

111111 11111 1111111 111 11111111. 1111111111111111111111111ὶιιηρΙ ²⁴⁰⁸}
111 111 11111 1181111111. ῑ

11111111111111111111111111 21111111111111111 Κ111111111 1111 ι

Ρ11111 1111 1 1111111111 1111111111 11111111 (111111 1111111111 11111-
111111111111,1111111111111111111 111111, 1111111111 11 1111111,
1111111 11 1111111 1 111111 111111 111111111111. Ζ (11111111111111111, 1
1111111111 Κ1111, 111111 1111111 11111 11111 1111111111. 111 111111 11111- ζ
111111111111111111111111,11111 1111111 1111111, rodem 811111, ῗ
1111111 1111111 0111111111 1111111 111 1111111111111, 11111111 1 Nie·
11111111111111111 1 111111111 11111111 111111111, 11111 1111111111 1111111,
1111111111 1111111111 111111111111, 1111111111111111111111, 111 11 111 ῗ
11111111 Ν11111111111111 1111111. Oi 11111 11 (11111111 111111 11111, ¹
111111111111111 1111 1111111, 1 11111111111111111 111111 1111111, 11111-

1111111 1 (111111, 1111111 1 111 1111111, 1111111 111 11111111111; 111111111-

111, 111111 111111 11111111, 111111 11111 Kaspra 1111111111 1 111111-

111 1111111111111111111111, 1111111 11111111 111111. 1111111111111 111111-

1111 111 1111111111111111Ρ111 1 11111 111111 1111111 1111111111, 11111111

11 (11111111111111 111111 11111 1 11111111 111111111, 111111 do 111111·

111111111111111111111111,11111111111 1111111111 1111111 1111 1111111 1
11111. 11111111111111 1111111, 1111111111111111111111111111111 1
1111111 11111111, 11111111111111 11 111111, 111111111 1111111111 111 11111- ᾖ
111 Kasprowi 1111111111, 11 111 11111111, 1111111 111111111, gdy 1
111111111111 11 1 11111111111 11111111 1111111111111111, 1 11111111 11111 ¹
111111,1111111111111111111111111 111111111 11111 11111111, 11111 111111
111111111 1111111111, 111111111111111 Ludwik 111 1111111111 111 obie-
11111111111111,1111111111111111111111; 1Ρ111111,11111111111111111-
tego, poddali 111 1111111111111111111111111 (1111111111 1111111111 Τ111- ,
1111 1 1111111111111, 1111111111 11111 11111 11111111111111 1111 1
1111111111. 1111111111111111111111111111111111111111111 1
Κ1111111111 1111111 1111111111 (111111111111, 11111111 11111111 1111111 1
111111111111111. 111111 1111111 (1111, 1111111111111 111111,1·1111111 A

11111111 111111 111111111111111; 1 111111111 1111111 Κ11111111111, ¹

1
1

 

