128 1111111111 111111111111111. 11. 1453.

Ι · „zbawiona jest 11111. 1111111111 1111111111 1111111111 11 111111 11111111,
,1 111111 1111111111 11111111 1111111111111111, 11111111ιί11 11 1 1111111111111-
,111111 1111111111 1111111 1111111111. 111 1111111111111111111111111, 1111111
„sie 1111111111 11111111, 111 1111111 1111111111 111111111111111111111111111111 1111111-
,11111111 1111111111. Ν11 11111 sie, 11111 1111111111 1111111111111111 1111111111-
,111 Ν11 1 11 111111111111111111 111111111111, 111111 1 11111111 11111111, 11111111-
,11111 im 11111111. 111111111111 1111111111111111111111, 111111 1111111 11111111,
,1 1111111111 1111111111 11111111111111111111, 11111 11111111111111 nami 111111
,11111 1111, 1 1111111. Ρ111111111111111111111; 11111 1111111111 11111111, 111 11-
,1111111111 tego, aby 1111111111. 111111 y cierpieli 11111 1111111111) zniewage.“
Τ1111-’111111111 11111111 1111111111 11111 11111111 11 11111111 1111111111. 111111
krol 1111111 1111 111111111111111 111 11111111 11111111 Μ11111111111111, 11111-
111111111 1111111111 1111111111 1111111111 1111111111, 1111111111111111111111111111111-
111, 1111111111111111111 1111111111 1 11111111111111111.

1111111111ιί1 111111111111 11111111 1111 1111111111, 11 1111111 ioh 11111111,
1111111111 1111111111.

Ρ11111111 na pomieniony 11111 1111111111 Κ1111111 misma i 11111111 1
Pruskiego 1111111, 1 111111111111 11111, 11111111 111111 11111111 Ρ11- ἰ
skiego 11111111 1111111. [1111111111 111 1111111111 Prusacy 1 1111111111οηί1

1111111111 11111111 111111111111111111111111111 11111111111111, 11111 1111111 111-
11111 11111111111111111 1 1111111111 11111111, 1111111111 sie 11 nie 1111111111,

1111111111111111111111111 1111111111. 1111111 111111 1 1111111111 11111, ,1111 11111 ¹

,1Ρ11111 1111111111 1111111111 11111111, 11111111 na 11111111 1111111111

,111111111.“ 1111111111 1111111Ρ1111111111111111, ,1111111111 1111111111 im ’

,111111111111111 1 11111111 1111 11111111 1 11111111111111111111111111-
,111, 111111 11111111 1111111 1111111111 sie 111111 11 111111. 11111 (1111111-
,11111, gdy 11111111111111 111111111111111111 1 1111111111] Ρ111111111,
,111111 1111111111 11111111, 11111111 1 1111111 1111111111111111111111111

,111111 11111111 11111.“ 0111111111 11111111 11111111111111ε ,1111111 111111 1111- 1

,1111111111 1111111111 1111111 1111 11111111, Ρ1111111111, 1111111111 111111 1111-
,1111 1 11111111 1111111111, 11111111111111111111 1111111 11111111111111 111111

,111 1111111, 111111 1 11111 1111111111 11111111 1111111 monarcha· 1111111111- ·

,1111 nie 11111 111111 11111111 11111111 1 1111111111, 111111 111111 sie 1111111
,11111111111111 11111111 11111 1111111111. 1111111111 1111111 11 1111111111 1111-
,111111111 1111111 1111111111111111, 1111111111111111111 111 111111.“ Obie·
111111111111111111111 1111111111 1111111111, 1 1111111111 sie 1111111111. 111
11 tego 111111 11111111111111111111 11111111111111111 1111111111] 1111111111

 

