298 1111111111 111111111111. 111461. ‚

111111111111 (1111 11111111111111111111111111 1111111,111111111 11111111 ζ
1111111111, 1111111 1111111· 1111111111 111 111111 111 11 1111111; 1111 1
1111111111 111 1111111111). 1111111111, 1111111 11 111 11111, 111111 1111111- 1
1111 111111 11111111 1111111 111 11111111 11 1111111. 111111 11111111 111 11111111 1
111111 111111, 111111 11 111111111 111111. 11111111111111111111 1111111111
1111111111111111111 11111111111111111111111Τ11Ζ11111111ο, 1111-
111111111 1ο 1111111111Ι 1111111111, 1111111111111111111111, ,1111 111 1111111111
11111 11111111111111 1111, 1 Ζ 1111111, 11 11111111 1111111 1111111 11111
1111111111 1111111111 1111111 1 1111111111, 11111111 111 11 11111111. 111
11 111111111111111· 1111111111Ι 1111, 11111 111 111 1111111 1111111111, 111111
11 1111111111 1111111111 Κ1111111 1111111 Β1111111, 1 1111111111
11111111· Ζ 11111111, 11111111111111 1 1111111111 1111111111111, 11111111111111-
111 111 11111111. 111111 11111111 11 11111, 11111111 w 11111 1111111111111
1111111 P. 111111, 111-11 Ζ 11111111 111111, 111111111111111111111111111
1111111111; 1 111111111111 111 11111111, 11111 1111111 11111111, 111111 111111-
1111 11111111111 1111111111, 1111111 1111111, 1111111111 1 11111111 1111111111,
11111111 11111 1111111111, 1111111111Ι 11111 11111111 1111111111. 111111111111111
11111111, 11111111111111 11111 111111111111,1111111111111 1 11111111,Ι 1111111111
1111111 11111111 111111111111111 1111111111, 11111 1111111111-1111111-
1111111. 81111 1111111111 1111111111 111111 11111111, 11111111111111111111111111,
111111111111111111111111,1111111111111111111111111111. (11 11 ¹
1111111111 J 111111· Γ1111111111, 1111111111, 11 dom, 1111111111 1111111 1
11111111, 1111111111 111 do 111111, 1111 1 1111111111 8111111111· 1
11111, 81111111 11111111111111, 1111111 111111111111111111111 1
- 1111111111, 11111111 111 1111111111, 11111111111111111. Franciszka,
i 111111111111 11111 1111111111, 1111111111 111111111111111111111111, 11111
111 1 111111111111111111. Ale 111111111111 1111111111 111111, 111 11111111 111
111 1111111111111, 11111111 111111111, 11111111 1111111 1111 1111111111,
11111111 1111111111 11 1111111111, 1 111111 1111111111111. Syn 111 1111111
’ 11111111111111111 11111111111 1111111111, 11111111 111 1111111 11111111Ι
11111. 11111 1111111111 11111111 111111111111111 11 1111111111,11111 111-
1111 11111111111111 111111111111, 11111Τ1111111111 11111111 1111111, 1111-
111111 1111111 11 111111111111111111 1111 111111111 (1111111111),
11111 11 111111111111 1111111111 ’111111111111 11111111 11111111, 111-
11111 11111 1ο 11111111, 111 1111111111 111 1111111111 1111 nim 1111111,
111111111111, 1 1111111111 11111111111, 11111 11111111 1111111111111111- 1
1111111111 811111111111, 111111111111111111. 111111, 111111 1111111111111
1111111111 1111111, 11111 1 1111111 11111 1111111111. Ρ111111 111 11111 1111111
1111 1111111 11111111, 1111111 je Ζ 1111111111 111111111 11111111 1111111111,
11111111111111, 111 1111111111 11111111 111111 1 1111111111, 11111111·

 

