1. 1459. 11100001 110111010111. 111

10100100101011111010 1011111 10111 mini, 11111111 111001011011001110

10111010·1101;100100101010010 010 1111111111, 1010100111 111 00 1010001

1101011110 101011 111011 101111100011010101, 1110000 0101011111010 101-
1011010 11111110 00111111 1110111110.

Ρο 01100001 1110111010001 Κο11001011 1101 Polski 1111101 010 1111-
0111101100010,11011000, w 1111110010011000001 Βο1010 (11010 11111111
10 1010000010, 10110101001010101101010 10110111111001010. W Po·
0100110101 11100101011 11001010100011 010 do 1110111101 Ρο10111. 00-

01101101001100100010 1101011 11000110, 001001101 10010000100110110001 do ’

Ρ100 11110110 1110011 1111110110ιο Ρο00110 1110110101001, 100111 010
11111 1001111 111010, 011101111, 0111 10001101111010 1010100100, 011101111-
001100101 1101001101010010101011011 1011100101 1 101101001010 0000001010 00
10010011 1011000101. 81100100 110101 Κ10110101101 010 01101010 001 1001011-
001 1111011, 001 1101011001010101, 101101 11101Κο11101011010101111-
1001111010 011011οο010 110110 11101 01010 0100000 1 110 110011. 10100000 .
1100 11010010 001100 1010010 00 011011 00101111 Ρο110 do Ρ100110·
1οε 00 0011 0010000 10010010 11010 Κο11ιο10110, 10 0011011011 110001
10001Κ101010111011, 010101101110000101 10101, 0 11010 1 1101010011
100011001100110 0101011 110101, 101001001101000 01101011 11101, 1011
1110010101001110001 1101001 101101011111010 1000111000. 1101010 100010 001-
0111 1011000101110101 Κ101101011101, 00 100110110101100110 0101010
1111 01101 10010110 0110001010, 0010001000 00111011 S. 1011010 11111101-
01 do Ρ10011010. 101 1000011 010 01001010 1110100 011010 Ρ110110,
11101101010010 10110111011 1101100000 1010100100 0010010011 1 000 010-
000, 10 100 10111 (1001000 000 11111100, 000 0001101001011000001101000010
1011101110, 1010000101 110101011011010110 1 1110101010 10010100100111000001-
0110 111011110011001, 1010011101010, 11101011 do Pras, 101 0011010 10101010
S. Malgorzaty 1010111 010 1010110. Nic 10101010 1011001000 1010110 010
01101110, 001 1111000110 00 0100110010 1110101 0101111100101011111, 10011111·
1110 01110 0010101110, 001111, 0010101111100101 00 11010 010 10011001. Na·
100100 00110 010101010010, 110 10111110000 0010001, 111010111Βο1- θ
0010 810100010111Κ1111001 1110001οο 1 (11011000 1010010οοοι
001001011. 20010001 100, 0011011010 11010 1 0001011101, 101001110101000-
1001, 010 0110 0011001 0111010, 10001 101010101101011010 1010011001. 101001-
01101101010110, 10010 1011011011 Ρ100001 00010 10101001 1011011001
1 01000001, 00010010 1001010100 001 1 100101 0110 1110101010 000100111-
11010 1010111010 Ρ1001110; «ο 10000100 0010 1010011 1100111 010 100101
0111 0101011. Ζο01000 10110000 11100110 0110001010101, 01101 0110010000 111-

 

