00 000 ’00 ’000000 vrowa ’1030000
-000 ι00000000000000 0 000 00000000 00000000 00000000000 (00000000 00000000“
-30 000000000001 00 00000000 000030 00 00303 4000000000 0000 00003 3000 1·“
0000000000 3003 ι00000000οΙ 0000000000οῙ 0000000000 0 Π 00000οἆ 0000000“
-00 0 00000 03 000 00000οΙ000 0000000000 0 Ι3000000 00000 000000 (00000οί3
0003000 0300000100 0000000001 0300000 00000000 00000 0 0000000000οᾰ 0 0000“

-00 [00000 00000000 000 0000000000 00000000 00000000 000 (00000000
-000 000000 Ι[0000000000 0000 0 00000000 000000 0000000 00οΓ 03 0000000000 ‘’lu“
0000000001 000000 (0300000000 00000000000000000 0000 op 00000 03000000 ‘nm“
-fezos 000000000000 000000 00000 000000)οξ00 od 00000000 ί00000001 0000000 000“
-00 0οΓ 00000 0 (0000000000οΗ 00000000 00000000 00000 000000 00000000 0“
0000 0 00“ (0000000000οο ,0000000000οᾱ 0 0000000000 00000000 00000 000 0000*
00 0000000 000 00000000 0000000000 000000000 0000000000 po 0000000 0 00000“
0000000000 00000000 0000000 0000000 0000000000ου0 00003000 10000300 [0000000000
00000 0 00 (0000000000 0300000000 0 0300000 00300 00000000 0 00000“
00000000 00000000 0000000 00000000 0000000000 00000 0 00000 0000000000 ι0ΐο000
0000000000 03000000000 00000 00000000 00000 00000000 03000000 0000 0 0000000
-00000 000000 n 00000000000 00 000000 0000000000ίο 00000000 0300000
-000 000000 00000 600000000 0 00000000 0000000000 00000000 op 000
-0000 030000000000000 00000000 0300000000 0000000000 od 0000000000

’0003300 000000 0 00000000 [0000003 00000000000000000010000 0 00000000
-000 000000 00 0000000001 000000 0000000000 ’0300000000 00000 0300000 0000001000

’0000030000οᾹ 000000 0000000 ι0000000 00 00000000 03 n
-0000 ι0300000000000000 00000000 000000000οἆ 00000οΙ 000000 000 ‘nsum
0300000 0000) 0000000000 0 ι030000000000000 00000000 0000 0000 0 00000000
0000000 0000000000 00000000 0 000000 :fauste 03000000 00000 00 0000300001
000000000ορ 000000 0000000000οΗ 0000000 0 00000000 0000000000 ι[000000
-000 00000003 od ‘mussegmfl 0300000000 0300000000ορ 0000 (00000000) 000

0030000000 000 000οι0 ’300 00000 000000000οι0οι 00000000

’0000000000 000
000000 00000000 00000 000 000 0000000 0000000000 0300000000000 00000010 0 00
ί000000000ιο 0000000 000 0 ι00030000 00 000000 ι00000 000000000000 0000000
-00000 000000 po 00000000 ί0000000000οΟ 0000000 0000000100 0000000000
00000 0000000000 00000000 00000 000 0 0 ί000000030001000000 000 0000000 0“
00000000 0000000 000001 0000000000 000 000000 000 0000000000 000 00000 ίο000000“

300 0000000000000 0000000000 09οῙ Ἥ

 

