11. 1466. 1111111111 111111010111. · 411

1111011 11110111 11000 1111111111011110011 11101 11110111 11001111, pm
1011001 111101 111111 11111 110111 101 1000111110 1011111; 1111111 111110
1110110111 1 1110111011 1111111111 1111011.

Po 10111111111111111111111111, 1111100 011111111101111 1 11·
1101 01110101111, 1111110 1011111011111111010111110 011011 1111111-
1011, 110011111110111 sie, 10 111 01111111 1111101111111101 1111,
111001 1 1110 101111111111111110111101, 11111111011 1111111811111111.
11111101011011111, 1111 1111111111110 11101, 1111110 1110 01111111111111-
111 1101110111111110111111011111 101101111100111111110 101 (1111-
· 1111,111111010111 1101111011 1 01111111 111111, 1110 1111110111110
11110, 11111 00 1110011111011 1 11011011. 1101 111 1111111 1100110
1111111 1110111111101110101, 1111111111111101 110111 81111, 1 110 10-
110 111 1111111111· 0 111101, 111111 101111111101111111, 1111111 1111011 nim
11 01111111 111111 11111011, 111 101 01011101 1· 0111111111. 1110111111
111111 111111, 101011 10101011111, 1111111 1110111 1 11111 111111. ci
1101011111 111110 1011111, 10 1111111111 1111 Ρο1111 11101 11111181-
111 11111111110 1110111111010 0111010111011111011101111. 101111011-
1111110,10111111810011011111111011111111Ρ10110111111110
1 1111111111111101111 1111111 1111111, 111 111110111 01011 111010111011·
1111010010, 1111111111 111111 111111, 110111111111111 1111110111111111
1 11111, 1 111101111101111111101 11001 101010 10 11111 101111, 1101111111
1 1101 111111 1111101111110 1110111111 1011111111111, 0111101111 111-
11101111 111111, 1 11 1111110101 81111 10011111 1111 1110111 11111111
1 11111. [11111111011111 11111111110111 1101111111111111111, 1111101110
10 1111101· 111111 011111, 011 01110111 110010111101111110101111, 011 11111110-
nab do 1111101111101 111111, 1111 go 01111111, 111 0111111111101111
0111101, 1111111111111 1 1111101 011101 111111, 101011110101101 8111111,
1 111111111 111111 Η111111011, 11111111111011111011111111 01110101-
111010 11111 0111111 111 1 1101011111 1110111, 010110111011 11011 1111-
gode. J 1111 1111101111 1111011101 0111011101 11111 01110111, 1 111-
10111 Κ111111011011 11101 1011010 1 110101 111111111111 1011111 0 1111
11110111. Kr6l 11110111 011 111111, 1111111111 11111,,,11 1111111 111111
1111101111 011111111, 101111111111110101111 1011 1 101110110 11111.
11111110 101111 1111011111, 1111011111 1 Η111110111011, 1011111111
1 101111101111011 11111011, 1 1111111111110111011, 1111111111 1111111111οΙ-
11111. 111111111110, 11 1111111 11 0111111 111101 111011 1111111110] 1 po·
101111011111· 1110110101 1 1101111 111111 11111111111 1111111111 Na-
kielskiego. 1101111111111 111 0 1111 111111 1 Κ1111111, 10 0111111111·

J· 11111111. 1111011 volutio. Κι. ΧΠ.. 11

 

