111458. 1111111101 1101111010111. 253

0110 001011 1101011101, 11111011 010 1010101111, 11011110100001 1101111110,

1000000 11001100101111010101001111, 1111011011, 010 101101011011 w 11101110·
1111011 0111011101, 111111 000101010110101010 dlugo 010 01001110000111011011.
Κ111Κο111111011 01101 1111111110111111111110100110101011, 010011 1011
0100 1011101 11001011, 1 1111101111101111 10111010110111, 1 10110111 1111011111-
110111100101 111101110 1111111011. Na t j wyprawie 1111111010 11011011
1810110111,101110101011 Ρο11011011011111, 10 10110111 1010110101ἱο
1011111110 w wojsku 111101011110 110110 8101101100 1 Pieskowej
81011, 0011010100110101111000. 0111110 1011111000 1111 0101011110-
nia 8101101100 011 1110111 01111101 111111101011 1111011111, 011 11011111-
venia 1101 11001001 1 0010111011 11101110 1 10101111, 00111011101111011111011.

Ι namra 811110111111110101 1101111 1010111010 111101, 1 sam, 1011111011
, 10101111, 11111110 10101110 11010 00010.

11Ρο11011110101,110110(111101’1 S. 101110 10001010, 1011111011 1111
Ρο1011 1110110111 01010111, od 1000110 000100010111 szyku bojowym ku
11101111 01011111, 1111011111 10 01111001 1010100111 Βο11011 8111101011
1111111 1101101110 1111110001, 1 000101011011011 1101101110 go 10101110111110111
01 11101111110010111001-10 1101110111 111001010111110110010, 01100101011011110-
1111, ani 0111110 10101110, 01101 101110 do zdobyoia‚ gdyby 110 1101001110]
11 1111111001 0110111. Ale 1111 nie 010101 go 110110 10111101, 1 01100101111110
110110 niego, 10100 ku 11000 Ossia, 110011110010110111 1110101010111111011
01011101 0110101110 1101110] 110 011111 1110100111. 111001011101101010110
0010, 11111111 do 1110011 1111011110, 11110 10 0101101111 101010101111101
1111 0001101101, 10111101 1101110111 110111010 1110111 0110110110 0101111 110 01000
101011110101010 110101010010110110, 1010101 1110110110 10 1110010, 110 111
11111 1 1111101110 010 1100101110. Ζ101110110101101 0101011 1101101101 11011011-
burg, kiedy znag1a 1111 (1011001010, 10 Βο111011 8111101111 1 01011111
1010110111 wyruszywszy 10101110, (10111001 81111111. 0011111 gdy 1111
11111 1101110 0110101 1110101111, 1100101110 Ρο10110 0100101011110111101100011-
100110 011011010101111 11000011. Bylby Bernard Szumborski‚ ko·
11101010011111030 0011110110, dogna} 0111101111 10101 111101101, 110 110-
(1100111101 00101100, 101 1101000 1101111111 101010 drogo, 10 0 11010 110 110111
10 1101010 1111010110. (1100011001111101110100010 1101010100101101110, 101-
00101101010101010, 1 10101, 1011 110 111111, 1010101110110100110. Wielu
101001110110101000111111, 1110111 11110011 1111011 1111011010. 811111Βο1·
nard 0111101101οο 10110, a 11100100 10 00110 11011011 1 1110110110, 11110 ry-
00110 Polsoy 0101111 1100 11101011 1 01101 10 0111111011 000011, 1111111101 010

 

