438 1111111111 1111111111111. 11. 1466.

,111 11111111, i 111111 11111 1111 1111111111 1111 do walnego 111111Ρ1111-
,1111111111α 1111111111 11111, jak 1111111 1 1111111111 11111111 1111111,
1 111111111 11111111, gdy ich 11 1111111 1111111111 1111111111 1 1111111111
111111 11111111 1111111111] 111111111; 11111111 11111111 1111111 1111 1111111
11111111 1111111111111 11 11111111θηί1 11111 111 1111111 1111111 1111111111
1111111111 111 11111111 na 1111111111111111111111111 111111. 1111111111111111
1111111111 1111111111 sie 1111 111111, 1111111111111111111111111111 1111111111
11111111, 111111 1111111111 1111111, nie 11111 111111111ιηὶ 1 111111, i 11111111
111 1111111111111111. Ρ11111 111 nie powinni 1 11111111111111111111111
111111 i 1111111111 1111111111 i 111111111; 111 ioh bowiem 1111, 111111 111
11111, 111 sama 111111 Β111 11111111 11111111 1111111111. 1111111· 11111
111111 1111111111111 1 1111111111 11111 111111, a 11111111111111111111111·
11,111111111111111111111111 1111111 111111111111111111111ε ,11111111
,1111111111 1111111111 1111111 1111111111, 1111 1111111111 11111111111111111
,1111111 sie 11111111(ζ

1111111 11111 111111111111111 11111111 111111111111111111111111111111 1111

11111 1111111111; 1111111 111111111 1 11111111111 111111111111111111111-

1111111 11111111111111. 1111111111 11 1111111111111111111 1111111 11 111111-
11111111111 1111111 111111111 1111111111111 1111111111ιὶ

1111111111 1111 Polski, 1111111111111111111111111111111 Rudol·
fa, 1111111111111 111111 do 11111111 1 11111111 do 1111111111,111-
11111111 mu 111111, 11111 11111 111 1111111111 111111 1111111111 w 1111111
duania i 1111111111 111111, 111111 111 w 111111 111111 1111111 misy i 11111
1111, 1111111111 1111111111 11111111, 111111 11111111111 111111111, 11111111
1111111, 11111111 1111111111 i 11111111, 1 11111111111111, 111111 1111111111 11111
11111 11111111 1111111111 1111 1111111111. 111111111111111111, 11111
11111 11111111 1111111111, 1111111 111 nie 111111; prosi} 11111 1111111111111,
111 mu 111 1111111111 nie 1111111111; 1111111111, 11111111 11111 1111111-
11111 sie od 11111 1111111, 11111111 mu i 11111111 1111111111 1 11111111111111-
1111111111 111 1111111111, 1 11 11111111 11111111 1 8111111 mogli 1111111
111111111111111 11111111 1111111111. Α 1111 1111 1111 (11111111 po 11111
1111 1111111 1111111111111111111111, 1 111111, 111111 11111111111111-
1111 111111 111111111111111111 1111111111 w upominku‚ 1111111111 1111111111
1111111 i 1111111111 1111111111 11111111, 1111111111 111111111111111111
1111,11111111111 1111111111 1111111111 1111111111 11111111. 111111111111111
Κ111111111 1111111 11111 11111111 11 11111111 Pruskiego 11111111
111111111111111 1111111111 (11111111111111 1111 11111 1111111111·

 

