112 1111111111 1111111010111. 111451. ‘

. Wegierskiegoz 11111111111111 1011111011 1111011111, 11111 go 1111· ’
- 0111111111 1 11011111 gronam 1111111111 0111111 11111111 1111111010111911.
110111, 11111111 111 01 111101 1111111101011 10 1011011111 mg, 111
11111111001111011111001011111111011011 1 1100 1111101011, 1111111111
101 1100 11 110111 1 11111011. 1111111111, po 11011111 011110111111 S. Pio·
111, 1111111010111011111 01010 w 1111101 110110111111, 1101111101111101
1010111 11101110101101. 111 1111111101 111 111101 1101111011 01111111 postu,
11010111 111111. 1111011101 111101 11111011, 011111 11110111, 1111111111 3
2 w (1111111111111 111101, 11111 101011, 11111 1011111111 111 111111 11110·
111 w 11111011111, w 011010101 1111111111 1011 110111111111111111111111-
01011 101111. 1111011111011110111110111101101111 111110101101 1111111
111 111111111011 10110 1111111, 1 111010 011111111111111 11110011 1111111101· .
111 11101010 1111111, 1111110011111111111111110111110101, 1011111 1111111111 4
11111111 111 im 0110111011, 11 1111 111 111 11111 10 1101101111
1 1111101111 1111111001 111111 11101010111111, 1 1111010, 11 w 11111 111111
01001111 1111111 111111 110110111111 1111011101 11101110 11111101 11-
111 1011 1101111 0111111111, 0111110111111 111010, 1110111 1000111100111-
01110 1111011111 1 1110011 10 11111110, 111111111101 110110 111111010-

1011011 1 1101101111 1110111011 10 1111111. 11111110 1111111111111111101 }

010111011 11111111 1111101111 0111111 11110 01111101101, 11111111101111110-
1111111010011011111, 1 1101111011 10111100111 01110111. 101111101111111111
, 11111101, w 011110 111111 0101111111111 w 011110 01101, 11110, 11111110 1 111-
111110, 1011111110 11111, 11111111111101011, 1 111101111010101 1101111111 f
. 11111101 1101101101. ·

11110111, vm 1 11110111110111010101111111 0111111 matingo, 011110
1111110111 1110111110 11111 v 11011111 1 moa 11 wega 11111.

111101110110111111 postu, 101011011 11111 111101111111111111 2
11010 1111101111 0111111111 111111111101 1110111. W 11111101 10101011 111. ¹
Piotra, 1111011111111011111 Ρ10111, 11111 011111 11111 1111111, 001111
1111111111 1111111 1111011, 1 111101 111101 1111111111, Ι111010 811111111-
111110, 1111111, -i 1111011111 11111111010, 1111111111, 1101110111-
11011 101111100111111, 1111 S. 81110111111111110111 Κο111111111.
'Pu 011111 111111 1111111 11 1111111, 1 1110111111111111, 1111011101
1111111 11111111 1 101111011111, 011111 111 nim 110110 1101111111, 1111111-
110 101111111110 11111010. 101111111111101111 11101111, 1 111111 111101
0111110111 ; 0111011010 11 nim 11111, 111111111010 go i 0111011110110 101010
, 11111101, 1111110111111110111 11111 1111011. Pomm 111111111111111

 

