11. 1415. ,1111111111 11111111111111. 599

1111111111111111, 11111111 do 11111111. Tu zaj0chali do 11111 11111
111111111111111Β11111111111, 11111 1111, 1 1111111, 1111111111111111 111·-
1111111 11 1111111 1111111111. 1111111 w Ρ111111111111,·11111 (1111111111 Ρ11-
1111111111, (1111111111111111111111111, 11111111 Ρ11111, w 1111111111111
1111111111111111111 1111111111, 11111, 1 111111111111111111, 111111111111Ρ1-
1111111, 1111111111111111111111,111111, 8111111111111 1111111111
1111111111,11111111111Κ111111111111111, 1111111111, 1111111-
111111111 1 Κ11111111 111111111111 1111111111, 111111 1111111111
1Κ111111,11111111111111 Κ111111111111, 1111111111] 1 ’1111111
11111111111111111111111111,11111111111111111,8111111111111Β111- ,
1111111111111111,11111111111111111111111111, 111111 ’1111111111
11111111111111111111111111111111111111111, 1111111 1111111111 11111-
1111111111111111111 11111111 11 Β1111111111 1111111111 (111111111111,

1111111181111111111111111111 111111111111111, 11111111 111111-
111 1111111111 111111111, 1 1111111 11111111 1111111111ιηί, 1111111111 1 11111111
11111111 1111111111 111 111111111111, 11111 11 11111111 11111 1 1111111111]
111111111Β1111111111 1111111111111. 11111 111111 111 do 11111111 1111·
11111 11111 1111111111, (11111 11111111 11111111, 111 11111 11111111 11111111-
11111111· 1111111111. 1111111111 11111111 111 111111111 11111 111111 Β1-
111111111111111111111111111 1111111, 1 1111111111 11111111 111111

1111111111, 11111 11 1111111 1111111 111111, 1111111111111111111Κ11111·
11111, 1111111111 1111111111 Β11111111111111111, 111111 1111111111
1111111, 1 1111111 Ν1111111111111 11111111, 1111111111 1111111111111111111
(1111111111111111111) i do 1111111111 11111111111. Tago& 1111111111 ’

w 11111111 111111 1111111)1111111111,111111111111111 111111 111111- ⁸

11111111111111111111. Ν11 1111111 111 11111111Ι 1111111111111111 11111
1111111111 1111 011111, 11111 11111111111111 1 11111 1111111111111
1111111, 111111 111 1111111 11111 1111111111 1111111111 1111111111, iod 1111111
Β11111·111111 1111111 11111111, 11111111 1111111111111111 111111111111 111111
11111111111111,1111111111111 1111 1111111111 1111 11111111 111111 111
111111111111111111111111111111111111111; 11111 1111111 1111111111 1111111-
111111 1111111 1111111111, 1111111 1111111, 1 11111111111111 1111111111 11111
11111111 1 1111111111. 111111 111 111111111 111111 11111 111 11111111 111 1111-
111 111111, ,11 11111 1111111, 11111 111111 1111111 1111111111111111, 11111111
,111 111111 1111111111 11111111 11111111, 1111111111 1111111 1111111, 1111
,11111111 1111111 1111111111, 111111111111111111 11111111111111111.“

 

