11, 1452. 111111111111110111101101111. 117

1001000 01011101οο1 1101001 1101110 10101101011010010011, 1 10 1110110110 01110·
10 1100101011 81011010011 00110100 0111001 010111011οο1 1101001. (110
11001 w 101 00001110101111010 1110001000] 1101010110, 011010 11110010110- ¹
11011 1101001 101110 1110111010.

110011 10110111 11111001 11101110 110111011010001 01 01101011.

(100011 11110011 0001011010 1 0010111011 1100011011, 0 01011 mil od
11010101101001010, 11101000110101100111010010010 S. 1011000, 111101-
10 110110 110 0000101111 1110011000, 1111101101 10101110 1101101010, 01101

111610 0111011010 10011100 1 0111001010 0111011111 10101010 0010110 010010010111 ¹

11111111. 1000111011011111000 1011111, 1010010111 010 111101 1 0111010111
0110111 1100· 011010 Κο10101110100010, 11010 0110101010 11101101 101-
0101 110111 1111010. ,1100011010100 11101110 000101 10 (110001 11001010
111101111011110100011000101010001 110101, 10110101110100 Sa·
11110111, 1010110110Κ10011011010111110111,1010111101110011000-
000001 01011 1100011 1110011101 01011101 010 11111101 10 Κο10101101000-
10. 00100101110110110110111011 sami 00010111, 1 1101110011 0110111100-
1100101101010111, 111110 10111101 0011011 01101011 1 011010110 0101110111 0110-

11010οο11 10 (1011010110οο 001111 (1010101101. 11101 010 101111 kar· '

1010110 1011111 1100, 11110 1101111010 1101 1100011011 10001 0011000

101111 01100111 8010001011 1111101101, 1 0110011, 0110 10011100101011111011- .

01100 Βο11011101111101101110 0110101 11110010 0011000 10 0111010
1110010 Κο1010110100010. Ten 1111010 0100111111 1011010101 110101010-
010110111011 0111000101, 0110101 1010011101 1 1111110011 001010111101010111
1011110111 0101111111, 101110 01110101011, 101101 101 1100 10101010 0111010 000-
11101. 100100101010100110 01111 00101 1101001101, 1111011010 0101 00-
111011010 01101 (1011101011 1 011010 011111 0110101000, 010010011101100-
’1110 1011111100 011010, 0010100111 11 1111000011, 1010 111011 010110010011000,
001000; 1101100111110111 1011001011 1101101010 10 1111001110 11000110, 10-
1100Ι 110 0001110100000 010 1000101, 0010111 001 1010100101. 11011010 11101
000011 001100 11100111, 0111011 11011011 0000110 1 1111101001 10110 01101111,
1 00100101010111111001 01011111, 1 1101011000 w nich 1100110110111011010-
111101001 11111111. 1111101 000011 ’11110011 1101101110 1001011100 0110001
1101110111 01101110000101101, 1 ju& 1110111 110100011, 0110010110100010-
1001100010, 11010110 10100111010 001100. 11011101101111 ’11100111 1110100,
1100110000101 0101101000, 1100100111 01100111 1101111, 1011100110 10 01100110] 1110-
110 1111110111 11011, 11110 000010 1101 1101011110 1 110101010010110100. 110110
01111011 0010111011 00001101, 11110101 011000000111, 1100101111 0011111111-

 

