1161161661 1166616166111.

non 661116 uon.
1111611116 11611 11116161 116 11111116111111616 1666161166.

1166161611 1111 161611, 6616161661 Ν616166616Ρ611611616, 11116
6161161111 6 1116116616 616161616 16161161616, 6666611 661666 6116616
161666 1 61666666666 1161666116, 66 6616161116 1666 6 1666166
1661161666 116166611616 6 616116116616 116616166. ci 11166166116661
666666661166616, 66116161616 61666 111166611616 6166611 6 66616 Κ16-
1666116 661116161 61661 6166616161616 ’111661 11111, 16661611 616, ,611
„ich 611116666 6161 6161616161 6166661 1 616161161661,116116166616616
,616 6 6161616, 616 61161 111166 661 66116161666 161611616, 166161161
,611166 1 66 66661116 61666 116116161611616 61666161611.“ 1661 111
66 6616116616 616111161666661, 111111 6 116 661116 666161611, 616 6111-
1616 161161 611661, 66666111, 116 6161 16161 6111 616166616 6666166616
1111166616 616616 6661166611, 66 61661166161 616161161661 16111661161
616 1661166616 61616116666116616616; 616616 6161666161 66 661161 616616-
161 1 66161116. 166116 16161661661116 16616, 6 66 616661666161 61161
6116661 666166661666. 161616 861616, 616161611666116661Κ1111, 111-
16161 81616 (16166611 (16 (161), 1661161661611611 1 11116161
1166111161 1 11116616, 6611666111161616616 116166611, 6161661
6111116 Κ661616116, 61611616 116 61661616616 66166616 611616 66 16-
1661, 11116 166166611 6116661166616161616616166, 66161661 6 66616111
161616,161616; Κ661616 116616, 8166161666 1616111616, 16-
16666 86611616 1 11616166 Β6166, 61 16166 6161611616 1666
16666616, 1666 1161116166 161616116, 1161616616 6616166, 111-
161616 516116616 6116111116 661111, 1 111161616 16116161166 61616161-
61161 66661666 161611. ci 116 66116616116 166111 616616666 6116616661611;
6 6661611 1616 1616 1611116661 6 61616161, 66161611116166616661666166
6611161, 116161616161661 616161 61611 61166661. Tu 6161666 61661 6161
161 6666161611 6161 61611611 6161666 6611616 6166166161. 166116 6116161,
1616 61616661616 81166616, 16616661166616161661166 16116616 1666111-

611616, 66116 16161616 1111611616. 11611 1 1166166166, 661116
866166161611, 6116611 61161, 1 6661616 1 66616161 61166161, 1616 to:
11661616 116616, 8166161666 1616111616, 161661666 8661-Ι
1616, 1161616616 6616116, 111161616 116116616, 1 111161616

1616161116 6161 1616161161, 111111 61661 1666 16161111611616, 6166
161116161661111611616, 611161611 116661616 6 661616 1111666116 116-

1666 6116166661 6661611666111616 16166166, 616616 6166166 161666116
ammomum 16

 

