11. 1466. 1111111111 1111111111111.

11111111, 11111111111111111111111, 11111111 11 11111111.

W 111111, 1111111111 1111111111 111111111111111111 1111111111, 1111111111
1111111111 11111 [11111111111 111111 111111111, 11111 1111111111 11111111-
11111, 1 111111 1111111 1111111 1111111. Ζ111111 1111111111 1111111111 111
Κ11111111 11 1111111 11111111 1111 1111111111.

11111 1111111111 1111111111 111 11 1111111111, 111111111111111 11 legata

111111111111 11111111 1111111111111, 11111111111111111 1111111111111111 1111-

111111 1111111111, talio 111111 11111111111,11111111111 1111111 ι 11111·
11111111.

’ 1111111111111111 1111111111 11111, krol Κ111111111 1111111111 11 Β111-
1111Κ11111111111, 11111 1111111111 11111111111111111111 11111111 1Β1-
1111111111,1111111111111111111 1111111111111 (11111111111111, 11-
11111111 1111111111 1111111111111, 11111111 1111111111 1 11111111 1111
1111111111 Ρ111111, 1111111111 1 1111 11111111111Β1111111 1111111111,
11111111 11111111 111 111111111111; 111111111 11111 1 1111111111 111-
11111 1111111111. 11111111 111 1111111111, 1111111 111111 S.. ,1111 (111111-
11111, 1111 11111 1111111, do 11111111111111111111 111 11111, 1111111111-
111111 1111111 1111111111111, 11111111 11111111 111111 1 11111111 1111111111 -
11111111, 1111111111, 11111111111111111111 1 11111111ῃὶ1 1111111111, 1111111
1111111 11111111111111111111111 1111111111111111111111111-
1111111 1111111111 11111 111 1111111111, 1111111111 111, 1111 11111 11111111
811111111111111111111111111111211111101111111111111111,
11111111 111111 1111111111 1 1111111111 1111111 1111111111111111111111-
nia 1111111111111111111 11111111111111111111 11111111 1111111111. Do Ru-
11111111, 1111111111111111111 1 11111111 11111111111111, 11111111
1111111 1111111111] 1111111111 1111111 111 11111111 111111Κ111111111111111-
1111 111111111111, 1111111111 1111111111 111111· 1111111111, 1111111 11-
11111111 legat 1111111111 1111111, 1111111111 J 111 1111111111 1111111111,
1111111111Κ1111111111111. 1111111111111111111111111111111, 1181-
11111, 1111 111111111111 1111111111 (1111111, 1 1111111111 1 1111 1111111111
111111111111111111 ,111111 Κ111111111 11111 11111111111111111111 11111111
,1111111111111 11111 1111 11111 1 11111111111 1111111111, 11 1111 nimi
,1111111111 01111111 1111111111, 1111 1111111111111111 11111111 1 11111111 111-
,1111111111111111111 Η1111111111 1111111111 Κ111111111111, 11111
,1111111111Ρ11111ΙΙ 11 11111 1111111 1111 111 1111111, 11111111111111

 

