· 456 66666666 6666666666. 661461.

- 61666 61 11616116 1161666 16666166611666, 166616 1666161611666
11161666 66166 11666166611, 61616661611616616 1166616616. Cina
6666116666 6661661666 6666111, ,616 Κ66161666 krol Polski 166666
,066616 661161661666166 66666 61666666 1 6666166666 666666 66
,1661611111661666161666 61116666Ι 16666 Ρ6116166161166661166
,6661616 Ρ6616ΙΙ 6166166661 666161, 6666661 666661; 616 na 66661616 6161·
,661 1616666661 66666 66616 1616161161, 6666661666] 16 1666616611-16161
,16 666666, 1611661666 6 66616 16616661161.“ 1616666611611 166· 6161661
6 616666616616, 6666661666 66166 666616, 116 1116661 16666 6166166166
161 6161666, 6 6166661616, ,16 61666 1 6611611 616661616661161 616666161666
,1616666166 16 616666 666611 1666666166, 1 1611161661666166116
,1166611666 1 1166166611666, 661616 pana 66666, 16661666, 66161611*
1161116661( po S. 161111616661616, 16 6661, 1616 166161661666 666666
11666, 6661611161611 11616616666161611, 16661 1666161611, 66 116
6666 66666616, 616 61611161 1611661666, 666616 666666666 66 6666611161
1661616166, 6166 11166666 6166666, 16666111166166611, 6161 16 61666
6666 61616616 1661661666166. 116666161111666666 6116666 6666616661 116-
1666161166666, 66161 6611666 S. Franciszka, 1616166166 616666
1666666166, 1116161611666111661666), 1616166116161611616666
6611661666161161, 16161666 66616611, 6616166 6611666666 6666616 16-
66666 Ρ611616616, 1116616116661 61616661 6666616661, 1661611666
6116661 661666 1661666 6666666661 61616616666616. 61666666 6 861616, 1616
6166666666 81666616, 66 6666166666 6666616616, 66661616166666 66666116 616
6616166161, 616616166166, 1616661 66161666, 111666161616666 Ρ61166661
6666616 1616161661 1 666161661666666661, 66166611 66666116] 6161661, 1 666-
6111 61616616 6661616, ,616 Κ66161666 krol Polski, 6166666616 16
,6616616 66 66611616 1616661116 6 61666616 6661616 66666666661166
,61161 61616666, 6661616 1161666611616 6666666661, 166666 0666166 116
,616116 lub 116 6666 66666 6666661. 116661666166166616666166166 6116666611
,66 66666 6 616666 6661616, 6666666, 6666611161 1616161 111661661161
,1 8616611611, 1616161 1161611116 1161166166 1166611666, 1166666 116-
,66661, 116666 66 666166 66616166616611611 61616611 1666666 Ρ6116
,16616 6666666 6616666666· 66616616616Κ661616666.“ Ρ666111 66116,
,616Κ661616661661Ρ616111666666Ρ611616616116666166666-
,661 166166 06661616, 661 66 6161 66 16616, 1666 6616661616, 11166
,61616 66616166 6666666666 6661 16666166166666. 116 66666616 66666111
,6161661616 Ρ6161166 1 6611661661 66 11666661 6166116666616 61666
,66166 16661666]6

016661 16116 61616 1161611 16661 1666161611 1616 16116 6666166116,
6 16116661 16166 66666661 66 666161 6616166166616 66161666661666611666-

 

