111111 (11111111 1111111 11111 111111111 1 ι11111 1 111113111111
11111111 1111 111111111 ι13111111111111 1111111111 1111111 11111111111111
ί111111111111111111111111111 111111 ί1111111311111111111 1 1 ί1111
1111111111 1 11111131111 g (111111 (1111111111111111111111111 1
111111111111 1111111111 111111 1111111111 ι11111111 1111 1111111111 111111
1111111 11 ι13111 1111111111111 ι1111111111 1111111 11113111

mats 11111 n 11111111 11111 ”W quom] “W mm

’1111111111
1111111111 1111111111 11111 1111111111 1111 1111 ί111 111111111111111
-111, 1111111 11-11111 1111111111 1111111111 ι111111111 1111111111111111111
11111111 111111111111111 ι11111111 111111111111111 1111 11 111111 ’1311111
-111111 1111111111 11111111111 111111 1 11111111 11111111 1111111111111
1111111 1111111111111111 11111 1111311111 11 ’11111113111111111 1111·
-od po 1111111 1111111111 1 11111111111111 ι111111111111111111111111111 1

1111113111 11111111 ί11111 11111111111’111111111111111111 1111

1111111 11111111 11111111111111111

11111111
1111111111 1111111111 (1111111311 11111111 11111 1111111111 1111111111 11
1111111111 1111111 111111 1111111 ι13111111111111111111111 11111111
1111 1 *1111111111 1111111 1 1111· (11111111111111 1111111111 11
11131111 111111 1111111111111 (11111111 11111111111111111 1 ’11111111
1111111111 111111 1111111111 1111111111111111111 (1111111111111111111111
1111111111 1111111 1111 11111111 11111 11111111 1111111111111 1111111
’91011 1 11111110119111 11111111 ΙΙΙ91119111 1 [1911101111

1111111111 ,11111 1111111
mmmmm 1 1111111111 11111111111111 Ιῑῐίηόἓῗῐῑῐ ¹ ο111111111111011111

11111111111111
-11 1111111111111111 111111111111 1 έ11111111 111111111111111111 1 1111111111
11111 11 11111111111 1 11111111 1 1111111111 1111111111111111 11111
-111111 1 1111111111 1 1111111111 111111 1 11111111 1111111111 1 13111111 11111
111 (1111111111 11111111 1 1111111111 1111111115111) 1111111113111

61 11111111111111 1111111111 1111 Ἥ

 

