1. 1462. 1111111111 111111111111. 317

Po 11111111111111111 111111 11111111 11111 111111 1111111111, 11111111ιοί11
1111111 111111.

(111 111111111111111111111 1111111111111111 111111111111 111-
111111111111111 1111111 1 111111 111111 11111 1111111111 do 1111111
1 Κ111111,11111111 11111111111111 111111111 11111111, 1111111111
111 1111111 111111111 11111, 1111111111 Krakowa 1111 1111111 111111,
111111111111111111111111111111111011111111111111111
1111111 111111 (11111111, 1111111 111111111 1 11111 1111111-
giem, 1111111 11111111111 1 1111111111111ε 111111111111111111 111-
1111, ,1111111111111111111111111111 1111111111 Ρ1111, 1111111, 111
,111 11111 11111111 111 111111, 1 111111111 1111111111111 Β11111111111
,111111 111111111111111111111111111111 1111111111 111111, 1111111111
,111 111 1111111 11111111111111111 do 1111111111111 111111111111111111.
,1111 111111 Ρ1111111 111111111111 111111111 1111111111111111·
,1111 111111; 1 111111111111111 1 111111111 111111, 1111111 Ρ1111111·
,111 1111111111 1111111 w 111111111111 11111111 11111 111111 1111111,
,111111 1111111 11111111 1 111111 (11111111 11111111,111111 111111111111-
,,11111111111111111111111111111 11111111111111’111111111111 1 11111·
(1111 111111111111 1111111111 11111 1111 Κ11111111,111111111111-
11111111110111111111111111111, 1111111111 0111111111111
1111 1111111111 11111 1 1111111 1111111111 1111111111,
1 1111111111111; ,11 1 1111 11111 11111111111 11111111 11111 1111111 111
,1 (11111111, 1 1 1111111 Ρ1111111 111 111 111111 111111111111,
,111111 11 1111111, 11 mu 11111 (1111111111 1 111111, 111111, 111111 che}-
,111111Ρ11111111111111111111,111111111.“ Ρ1111,111111111
111111111111111111Κ111111, 1111 11111111111 11111111, 11111111 111
11111111 11111111 1111111111 1111111111 111 do 11111111 1111111111, 111111
111 111111111111111111111, 11111111111 11111111 1111, 111111111111
11 111111111111111, 11111 111111 111111111111 11111111), 111111111111111
1111111111111111111111 1 Κ111111, 1111 1 1111111 11111111, 111111
111111 1111 11111111111111 1 111111, 1111 1 1111111111, 111111111111111
11111111 Zof ii, 111111111111111111, 1111111111 111111111 11111 1111-
11111 1111111 111111111, 1111111 111111 111111111111 11111111111
111111111111 111111111111111111 1111111. 111111 111111 1111111111
Ρ1111111111 111111111111 1 111111111 Κ11111111111111111111111-
111111 1111111111, 111111111111 11111111111111111 1111111 11111111111-
1111111111111 11111111 11111111 1111111111. 111111111111111, 1111-
11111111 1 Ρ11111111, 1111111 11 1111111, 11111 111 11111 1111

 

