8111111 1 Pras! 491. 8111111 ιιι. 498
8111111 11111111. 11. 0111. 551. 582. 811111 ιιι. 345.

’ 811111 1111. 533. 81111111 ιιι. 143. 234. 522.

81141111111111. 30. 41. 48. 65. 82. 98-100. 140. 81111 15. 1111111).
162. 185. 942. 244. 261. 285. 294. 410. 505. 8111151111611 ιιι. 644.
563. 631. 811511, ezeeh 193.
8114111111111 1111111166. 99. 131. 283. 365. 8111111111 15. Βοιιιιιύ)
81111111111111163. 66. 234. 299. 8111111181111111 1191111111111 183.
81111 (1) herb 111. 519. · 8111111111 m. 198.
8111 324. 8111111111 1111111505. 531. 543.
81111 ιι. 356. 531. 543. 602. 81111111 1 01111111 502. 541.
smmm §mmmmmmfflm
1111111111 οι). schipelbeiu. 11111111111411.
815111115111 (81111511,811ι111111111)11. 110238. 81111 48 108. 119. 218. 441. 446, 453. 468. 491.
296. 300. 308. 498. 508. 509. 516. 511. 523. 553. 554. 519.
8111111111 1111111. 11111. 311. 312. 580. 583. 519. 590 591. 633. 635. 649. 652.
8115118111111111 11811511111, 1111111. 1111111111. 8111111111 15. 1 etz y.
13. 14. 228. 811111111 m. 33.
811511 8111111 1111111111. Ρι11. 150. 166. 229. 81111 11. 124.
230. 263. 353. 361. 381. 388. 391. 392. 410. 81111111 15. 111111.
419. 450. 483. 500. 531. 8111111111 395.
811511 0111111111 11111111. Ρ111. 213. 249· 251. 811111111151111111.
216. 386. 482. 504. 8111111 1111111395. 442. 446

8115111811111111 (01111111111) 346. 8111111611 1111. 612.
811511 1 1111111111 l. Τ111111111111 11111. 8111111111 ιιι. 15. 505.

11. Cz. 420. 421. 495. 520. 551. 568. 513. 81111111 ιιι. 11111 93. 488. ,

591. 633. 811111 1511111 1111115111.
811511 1 8111111 5111. Ρ111. 528. 529. 8151161115. 0111511511.
8115118111111 wojew. 11111115. 621. 8111111111 ιιι. 602. 603.
8111111111 135. 811511111111 1111111 389. 403. 544. 602. 603
81511511 1111911224. 81111111 1111. 68. 93. 609. ’
81111111 ιιι. 61. “ 8111111111115. Ρ1111811111.
811γ9111111111 1511111111. 81111 m. 130. 264.
81411116) 1. 811111 01111111 111. (111111. 119. 214 81111 11. 96.

348· 8111111111111811161.380.383.412.513.545.553.
814111111111111111. 1111111111(1.1111111111)11ο- 8111 15. 811111 1111111.

1118111111. 114. 361. 401. 415423. 424. 430. 8111111 1 1111111111 1111111. 111111. 481. 585. 591.
1111111 mmm, burgr. Miqdzyrzee. 111. 1111111111.
8115119 (8115119) 11. 403. 531. 512. 811111 1 1111111111 25. 45. 89. 426. 298. 525.
8111111 54. ’ 5281140516.
8115111111 56. 81161 ιιι. 451.
81111111Ιί111 1111. 504. 81111111 (811111111) pose} 111111. 510. 595.
811411119111111 1111111494. 491513. 656. 81111111 15. 0111111.
811111111 11. 331. 8111111111 1 011111191 1111111. Kana. 142. 163.
8111111 0111111111 15. Symeon. 111. 199 212. 228. 242. 263. 212. 311. 328.
81111111 1. 81111111 11. 1111111. 201. 212. 294. 516 335. 344. 348. 349. 361. 386. 423. 424. 451.
811111111111115. Jerzy. 460. 462. 419. 499. 501. 512. 516. 522. 524.
811111 111. 111. 284, 545. 550. 511. 582. 599. 605.
8111111111 15. 11165 1 811111 8111111111 815111111132.
811111 01111111111111111, 111131. 8111111111 1 81γ411111 1. 811411111111 11111.
smmwmw mmmmm
81111111 m. 8 38102. 104. 106, 201. 598. 600. 648. 8111111111 11111111, syn 111111111111111. 480.
8111111111 1111111. 8111111111 1 8111111 1111111. 111. 599.
811114111 1111111 44. 598. 8111111111 101116511181111111,11111. 81111111·
8111111111111111119. 105, 1111 1111111. Β11ι. 328. 495. 503. 525. 528.
8111111111 m. i 1111. 11. 14. 323. 536. 549, 591. 640. 041.

5

 

