426 00001000 0000000000. 01466.

10010100. W 000010 1000100000 001 1001010 10101011101001 0010111010ςο·
001, 1111 po 0100000010 010010 ’110000 010 (1001011 010 0 0000 1010110,
10101 000100110001001 0010011 1000000010 ognia‚ 0010010100, 10 010-
1010001010 0 00000 0 1000110010 010010, 00 100001011010000010110 0001010110.
110ρί000 100100 01011 010010 0101001000 010 101 (110110 101 1000100010 10-
0101011. 100100 01011 0010 10 00000, 1 010 0101011 tego 1001001000 Κο011001,
10 10 0101 0100100001οἰ 001010100011,0110111 001010 1001000110, 0100010001
0010011010000010 010010, 010 001010 010 (1001001000ἰο drugiej. 00100000
1001οι0 001000 010 jnickiego 10000011 11010010010100000011001010010-
100 010 0 (1011010 0110 10001000 0011010010 010010, 011 0110101101 01000
010000. Ι 0111101010010010, Κο011001 010 0111011 00010 0 1000110010 (1101·
010, 01110 po 0110010010 0001011101 00100όο 11000101, 10 001010000έο
010010 0010100010. 110ρί000 01011, 1010100 010 10100010 0 0100010 1 010011·
00101100, 'gdy im 001000000 (1001001000, 10 0 011001 101001 010 01011 spodzie·
000 010 000001, 0101011 do 0100010000 1010001101 1110110 1110001011οο
0101110001001000, J 000 Ζ 01 1 1111010101, 0 0101010000100, 10 010010
0011011111001001. Κ1000-10 1000110010 0001010110 01010000, 1010000010οἰ
0001000001000010110010, ,011 0110101000 00100 hylo 01111 1000000010 00
,0001011100100000001 1 0010110011, 000100100100101010 00001110 101010
,101011100100001000001101, 10 1000010 1011001 Ρο1011000 1 jugo
,1001100100 00100110111011010001011 010 [00010000101001 po 0101001-
,100101010.“ Ζ 010 01000 0110000000 101010, 010101 100101 Ρο010 10
0101011000, 110100 800000 1 1100001100 saram, 110001 01
do 00000 0101010010 0101010 0 01001001010010001 0101110 11010011 01001.
111Ν10101010 001, 01010 (100101001000 000000 1110001010, 011011 0 0000 0001010
1010001101 010010101010 1 00001110 010111 0010000. 1010110010οηιο
10010, 10001 001001, 000010110010101011110010011011 10101000, 111-
001 10 0110000101 010 1001001011 1000111όο,010101000100 010100, 1010111101 110Ι
1000010 010 00010001 00001010 00100, 010000 010 0 010 1010 00101010,
1 00110001010001010. Ζ 1011001 101001 01010111 010010, 0 0110010001
0010111011 0001001, 01011 10000 0000 0101011 10000001 0101000110 010010,
1010000011 0100101010 1000. 10000010, 10010001000010000100101011010
0010111 010 010100010000 1 przybyli 0000011101010110010000. Ρο (101001
1010100010 00100111 1100100ςο 1 Β1100οΗ00011001100100108100
skiemu, 00100001 01 01000 010 1101001 0000000101 0101101, 01010000 00
dlug umowy wypuszezono 00 0010010 0001001100101 101010, 1100101 111
Henryk 0000000 110010 0 1010 001001 do 0100011; 0 potem 00000011 010
0 00100 010001 10000101 10000. Κο0101000 00110010101100001 01010-
00110 1000110010 010 010010 Cho 1010, 10001· po 1010101001 0010100100 0010
1010100 1 110100001100110101001000. 81000010 001 (1101010110 00000011

 

