99999999 9999999999 9999999999 9999 99999999 999 (99999999 ’99999999 999
999 9999999999 9999999999 99999 699999999999999 999999999999 999 9999999
-99999 999999 9999999 9 ί99999 9399 9999999999κ 99999999 999999 9999 ’9999999
99999 99 9999 9399 ,6999999999 93999999999999 9999999999 999 99999“
-99999999 999 999 99999 939999999 9999999999 999999 99 99“ 699999999999
9999999 99999999 9999 99 999 99999 999999999 9 99999999 9999999999 999993
99999999 9 ί99999999 9999999 9999999999 9999999999 99 99999999 6999 ’
9999999 99999999 9999999 9 999 ,,·999999999 9999 99 9 999 99999999“
999999 9999999999 9399999 9999999 999999999 9 99 ι9999999999 9999 999“
999999 9999999 ’9999999999999 99999 9399999999 99 9999999 99999999999 999“
9399999 9 999999 9999 99 999 99999 99999999 99999 ι9999999 93999 99“
-9999 9999999999 9999999999 99 9 999999999999 9999999 999999999 9999999 9“
999999 9999999 ι999999999 9 999999999 9 999 9999999999 *9999999999 9999“
-99999999 99999999 9 999999999999999 9999999 999 9999999999399999 999999
99 9 99999 99 999999 99999999 9999 9999999 9 999 999
-99 99999999 99999 999999999 999999 999999 9999999999 9 9999999999 93999999
999 999 49999999 99 99999 9999999999 99999999999 9 99999999 9399 99 ι99α
-99399 9399 9 99999 ί999999 999 9999999999 93999 99999 99999 999999999999
9999999999 999999999999 ί99999 99 99999999 9999999999999 9 9999999999 9399
-999999 99999 9999 ι9999999999 9999999999 ι9999999999999 9999999 999999
99999 Ζ ,9999999999 99999 9999999999999 999999 99 ι9999999999 999
-9999 9999 99 9999999999999 9999999 999999999 993 ι99999 99 99999 9999
99999 9999999999 9999999999 99999999 999 9999999 9 99999999999999 999“
999999 999 999999999 999999 9999999 ι99999999 9999999 9 9399999 9999 99“
99 9999999 9999999 έ99999 99 999 9999 9999 999 9999 999 ι99999 99999
-999999 99999 (99999999 99 *999999 999 9999939 99 99 999 ’99999999
999999 9999999999 9999999 993 999999 9 999999 999 99999 999999 9 6999999“Ι
99999999 9 999 999 99999939 999 9999999 99999999 9 99999999 999999
-99 999 99 9999999999 999999 9999999 9999999999999 99999999999 9999999Ια
-99999 9999999 9999 9 69999999 99999999 999 999999 99999 99 99 999999999“
999 9999999 9999999999 93999999 99999999 9999999 *99999 939999 9999999 99“
99999999 *99999 9999999 99999993 9999999 9999999 9999999 99 ι999939999 99
-9999999 99999999 9999999 999 9999999999 99999999 9999999999 9999999
-99 99999999 9 999 6999999 99999 9999999999999 9999999 99999 ,,·999999κ
-99 999999999 99 939999 9399 (9999999999 999 99999 999 99993999 9 ‘'azo“
-999 999999 9999 9999999999 99999 99 9999999 99999999 999999999999999 9999“ “
999999 9999999 9 999999999999 999999 99999999999 9 9999999 999999999999999
-999 999999999 9999999999999 9 99999 ι9999999999 9999999 99999999 99999999 999
99 999999999 999999 999 9999999999999 ι99999999999999999999 999999 9999
ι999999 999999999 999 9999999 9 (99999 9999 999 99999999 999999 9999999

‘91⁷v1' Ἢ N 9999999999 89

 

