9. 1453. 9999999999 9999999999999. 129

9 9919199999 1 Κ9991919ι91, 11199999 9119 919999 99 99119 91919, 1 jak 919199

jasue 999991 919 19911 1 999199999199991199991999 99199, 99 11999 919 9199-
919991 99999119.

rehey 9191919919οωί 999999 9911919 19119 [azinium 9911991119 9919199·
199919 pravi 9999119119191199199.

. Ν9199999 9 19 9999 99 19119 Κ9919919999 9 9919199199919 9999
1 9991911 1991199199. Ρ999999119 99999 11199199 19919991 199991111919
w 9199Ι 919999999191999ε ,1991 999999, 1111919199 19119, 9191191 9991 19.ΙᾸ
,91919 11191919, 919119 999999 99919 91 91919991999919199911991, 119 ,
,11199919 9919991999 919 po 1911 19191 99999 1991199199 9919191911. Ν19 99919
,91999 191919919 99999, 919 99919 9919119 919991999999991919, 1 991199.
,9911 9199991 99999919 99999 9919119999 1 99999199. My, 1919911919991919
,91999199 tyle 119 919119, 99999191 9199111199 919 19 991991999999919 991,
,9 1119991 9999991911919919199191, 91999 1 99911 919999, 9191911 919 9119-
,91119 9999199919 99 9991199 991999919. 19999919199199999 9199999 99
,9991999 99999, 911911 my znaszej 9999199191. 1119991 19111999 991919911-
,19199991, 111999 919191991991991919919 1999911 991911, 1191119999919
,9999919111 19 919119 99919 919999 99999919, 91919 0991999911 sama 919
„hyla 919 119 999 9991999919. Pomijam 99999 899119, 19911999 1919,
,91911199991919199991999999999999999191 99999199991999, 19 9 nim 919-
,99999 919 999 191911191919191999, 9 11199 1991919919 199999 919 9999919911,
,991911 991199 99 9191919 9 9919191999 9911999919, 919 919 9999919991, 1 do:
,9199919191991911991999999999 991919. 0919191 919 9999919 1 99191911
,9 191 91991999· 9199911. 11119 19191 919 11191919, my ich za 9999999 Β919 ¹
„zmusimy do winnej tobie 919919191. Ρ91919 91999911 1919999 9999919· 919
„panem 11199. 1999191911 99999 Ρ919119 9991991999, 991199919919199
,199111919991ε 919 919 1991999 1999991199991991919999191999919,
,999919 9999999999999 91 nas 99999919 999991 19919. Ρ91999 9999919 919-

’ ,199199191919 99999 1 191919199999 19119191 91199 9 9199· 99999999 1199-
,999919 19999999191991, 111999 919 9911919, 911911 1991, 111999 919 919119
,1919 191911 119 9 Ρ9191ό9 1999999· 91191911191919, 91919, 191991 999·-
,91919999199199 99991999, 1919999999 9991911199 1 11999991 11999999 919991
9 9199999 1191991999 191 9991919 9991999911 99919 919919,19919191,19
9 9991999 91999991 99999119 wywodami, 9199919 mi 919, 19199199 99991919
199999919999911999 999919. Κτό1 9999191999 91999, 9991919999 9999
19 919991, 9191119 9 919991991919991 999191919919; 91191, 1919 99919199

1999 199999, 99991919 919 919991 9191999999 1911999919999999.
amun-wofflmm 1⁷

 

