1. 1451. 1111111111 111111111111. 83

111111111111111111111. Ρ1111111111111111 1111111 111111, 111 mu
1111111111, 11111 (1111111, 1 111111111111111111111. 11111111 1111111111

1111111,111111111111111111111 111111 1111111111 1111111. 1111111111- s

wid 1111111111111111111 111111 11111, 111111 11111 Ρ1111111 11111111.

1111 1111111111, 1111111111 1 mathi mj 11111 111111 1111111111, 111 111111
1 1111111111, 11 1111111111 11111111 1111111111 1111111111, 1111111111111-
111111 1111111111, 1111111 1111 1111111111 111111111111111 1111111111111.

W Ρ11111111111, 1 1111111 S. 1111111111, 11111111 11111 11111-
111111 1811111111111,11111111111 111111 11111 1111111 11111 11· ¹
11111111111111, 11111 11111111 (111111111111111111111111-
1111Ν11111111, 1 11111111111 11111111111111 N. 111111, do Ρ111111111,

1111 1111111111 111 11111 111 (1111111111. 11Ρ11111111111 111, w 1111111 ’

S. 11111111111111111111, 11111111 1 1111111111, 1 1111111111, 11111
11111 S. Bartlomieja, 111111 w Samborzo, 11111111 11111111111111-
111. ’1111111111 111111111111111111· 11111111 1111111111 (11 1111111111) J 11
’1Β11111 1111111111 Β11111, 1 111111 1111111111 1111111111 Wi-
11111111, 1111111111 1111111111, 1111111111111111] 11111111-
111111111111111, 1111 11111111 1111111111, 11111 1 1111111
11111111Κ11111111111, 1111111 1111111111111111 »111 111111, 11
,111111 111111111111, 111-11 111 11111111 11111111 1111111, 11111111-
„rodzonej 111111 1111 1111111, 11111111 111111 111 11111111, 1111111111 11 1111
,1111111111 1111 111111, 1111111111 1111111111111, 111111 11111 1111111 1 11-
,11111111 11111111 11111, 111 111111 bucki 1111 1 1111111 11 11111 1111-
,1111 (1111111111 1111111111 Ρ1111111111111 1111111111111 11111, 1 1111111
»1111111 111111 11111111, 11111111111111 1 111111111111111 1111111111
»1111111111 11 1111111 111 111111, 111 111 od 1111111111 11111111. Ν1 11
,1111111111 111111 1111111 111111, 111 11111111 1111 1111111111 111111111111,
,1111111 1111111 111111 111 11111111111. 11111 111111 111 111111, 1111111 11-
,11111 1111111, 11 1111111 Ρ11111 11111 111111 111 11 11111, 1 1111111111
,1111111 11111111 11111 beda„ 1111111111111111 11111 1111111 1111111111
„Polskiego 111 1111111. 111111 111 11111 jego 1111111111, lub 111111 11·
,1111111111 1111111111 Litwa 11111 111111111111, 111111111111111111,
ᾖ11 1111111Ρ111111111 111 11111111. Nienhaj 1111111111 111111, 11111
,1111111111 111 1111111 1111111 111111 111111111 11111, 1111111111111
,1111111111 11111111111111 11111111· 111 11111111, 1111111111 1 1111111 Ρ11-
„scy 1111 1111111 111111 111111, 1111111111 sami 1111111111111111. 1111111
„sa 1111111 11111 111111 111111, (111111111111 ich 111111111111111111111-

 

