408 1111111111 1661611116111. 1. 1466.

,61111161111111111 1611116111 111116 16116111· 111111, 111111111111111
,111611 1111611111, 11161116 11111111111611111111 111111616 11111-
,1116 Κ1116111, 11111 1111111611111611111 1161111111 1161111, 61111
,11111611616111 1 1111111111 11116111111111, 11111611111 1 Β111
,1611 11616111611116 1111161111 1111111, 11111116111111, 61116 111616
,1111111111 11161116 1111111111, 1116 1111161 1111111611 1611111111111
,1611 11111111 1 611111611 161611 11111161 116111111111161161 6116
,1116111111111111 1 11111111 11116111111111111111611 61111111 161111
,11111 11161 11111161 6111 1111611111 1111111111,11111111111111111,
,1 sam 1611116111 1616111616111111 111111111, 111111111 1611111111 16111
,111111 (11161111 611111 1 1116111161, 16161116 111111 11111111 1116111111
,11111 1611161161611. 1111111 1111 16161, 1111111161 1111116111111111111161
,61611111116 1161111111, 11 11 1161111, 1111111111 11, 11161616 61111
,16111611 111111 11111 11161111111111, 11111 on 16111111616111111.
,116 16 1616 611611116 1111 111 1611116 11111116 111 11161116, 116 1161111111
,11161 11161111111 16111111, 116 11111116 116111 1 11661111, 1616 11111111116 61
,111 1111111, 1111616111111611111111 16116111116111, 1 111116 16 11111111
,611161111 1161161111, 11116 11611 111111111 111661 61111111111111111 61-
,616111 1 11 Κ11116111, 1111111 1 1111116 1111611 111111116111, 1111111
,1 1111111111 1111111116 11161111 1111 111 im 11111 1116111111111111111-
,1611 1161111 1111 1111111611 6111616 11116111 1611111161161111116
,1111111611 1611611111 1 1611611111 16 1116116111 16111 Ρ1111161; 11111-
,1116 mu 1111161116 11111161111111111, 1 1 111111 11111161 111 1111
,1111611111 1116161,1111111611161 111 116116 161116161 161161 161111
,1 116111 16111 111111. 111111 11161116 1111111111 1111116111, 11111116
,161116 1611116111 11111 11611111111 116111111116, 1111116111 11111
,11111111 1 1616111111 1111611 111111161161111, 161111111111 1611161111
,11111 1111116111, 611611111111; „Ze 11116111 111 161116 111111 111111
,Η111161111 11111111111116161111616, 11111111111161111111111-
,166111; 1111611 Β611, 111 mu 161111111 1111116111 1611161111, 1111111
,11611 11161611111111611. 1111611111, 1111111111111111116 16 1616111
,1111111611116611111111116111616111161616111111616 1111111-
,11111 1 1116111 111111111111111, 6161111 11116 6111161116; 1111111
,11116 1116 611111 111111, 1111111 Ν16111611, 11 1111111111 1111111111-
,611111161611 61111111. 1611161111 6111 1 1111 16111111 6111111 111
,111111 1 11111111111111111116161; 11611111111611 111111, 111 1 11611
,11111111 111111111111 11111161161111, 111111111111111111111611. Ze
,61161161111161 Pius ΙΙ moeno go 11611111, 111 116116 na 1161111111-
,111611 11111111111161, 116 611161 111 61611111, 111 161111 1116111661
,111111611111 11161111 11111.1 1116111111 1116111111111116 1 1611111111

1

 

