ι11111111 11111111 11111111111111111111111111111111111111
-111111 1 111111 1 (11111111111111 11 1111111111 1111111111 111111 111
-11 ί1111111 11 111111111111111111111111111111111111111111
1111111111111111111111111111 1 1111111111111111 1111111 1111111111
111111111111 1111111 11111111111111111111 ι111111 1111 1111111111

1111111111111111111 11111 1111111 11111111111111 1111111111 1111111
11111111 11111111 5111111 111111 111 11111111 11111 1111111 1 11111111111111
1111111111111111111 11111111 11111111 11 11111111111111111111 1111111111

,1111111111 1111“
ι1111 1311111111 111111111111111111 1 1111111111 1111111111 1111111111 11“
ι111111111111 1111111111 »1111111111111111111111 1111111 11 1111111 *1111111“
111 111111 11111 1111111111 111 11111111 111111 11 1 111111111111111111111
1111111111 1111111 111111111111111111 1 111111 111 111“ 1111111111 1
1311111111 111 111111111111111111 (1111111111 1 111111 111 11111 111111
11 1111111111 11111 11111111111111111 111111111111111111111111111
-11111111111111 11111111 1111 1111111111111 1 111111 1111111111 1111111
-1111111111111111111111111 111111111111111111111111111111 111
¹ -111111111111111111 111111 1111 1111111 1111111111 1111111111 111 od

11 1 1 1111
1111111111 1111111111 11 11111111111118ῗ111111111ι1111111111 1111111111111111

’1111111111 11 1111111111111111 1 1111
-11 11111111 1111111111 11111 1111111111111111111 1111111111 1111111 1
11111111111 1111111 op 1111111111111111111111111111111111 ‘ou
-111111111111111111111 111111 (11111111 1 1111111 1111111 11 1111111111 11
1111111111 ι1111111111 11111111 1111111111 11111 11111 1111111111 1
111111 1 1111111 1111 1111111 11111111 1111111 1 1111111 ι111111 1111111
1111111111 1111111111111 (1111111 11 11111111 111 ί111111111 11111111
11111111111) 11111111111111111111 111111 11111111111111111111111
1111111111 111111 1111 4111111 111111111111111111111111 1111111111 11
111311 1111111111111 1111111111111111 1111111111 1111111 ί11111111 1111111111
-111111111111(11111111111111 11111111 1 111111111 11111111111 111111 11111
1 11111111 11 1111111111 111 11111111 ι111111 111111 1111111111 111113111111
1111111 111 ί11111111111111 11 111 11111111 1111111111 11 1111111111111
11111111111111111 1111111 1111111 ι11111111111111 11111111 1111111 1

w} ’1111111111111 1111111111 um 1

 

