-1 f 11111 11111111 11111111 ι111111111111111 111111111111111111111111111 11111
-1111111 ι111111111111111111111111111(1111111111111111111111111111111111
1111111 1111111111 111111 1311111111 1 111111 11111111 111111111111111111111111
1111111111111 11 1111111 11 11111111111111 111111111111111111111111111
111111 11111111111111111111 11111111 1111111111 11111111111111111111
111111111111 1 11111111 1111111111 1111 ι11111111 1111111 1111 11111111 1111111111
ί11111311 1111111111 11111 11111 1 1111111111 ι11111111 op 1111111111 ’1111111111
11111111111111111111111111111 ί11111111 111111111111113111111
1111111111 11111131111111111 1111) (1111111111 1111111111111111111 11111
-1111 11 11111111111111 1111111 11111 1111111111 11111311 1111111111·

1111111111 111111111 111111 1111111111
’1111111111 1111111111 1111111 1111111111 11111111 111 11111111 1111111111 1111

13111 11111111111111 1111111111111113 (111111111111111111 1111
-111111111111 11 ι1111111111111 ι1111111111 1111 1311111 11111111 ’111111 1111111111
-111111 111111 1 11111111 11 11111111111111111111111111 11111 1111111 1 1111
-111 ι1111111111 111111111111111111 1111111 11111111 ί11111111 1111111111)
11111111 111111111111111 11 1111131111 1111111111111 1111111111 1111111111
111 1111111111 ι11111111 11111111111111111111 op 1111111111111111111111111
111111111111111111 (111111111111111111 111 11111 1111 1111111 1111111 111111
-111 op 11311 ’11111111 1131111111 1 11111111 6111111111111111111111111111111111111
11111 11111111 1131111 11111111 1 1111111111) 111111 1111111111 1111111111 11111
-11111111111111 (11111119 11111 1111111111 ι1111111111111 1111111111 ί11111
-11111 11111 11111111111 11111) 111111 11 111111111111 1 ι111111111111111111·
-11111111111131111111111011111111111111111111111111111111 1111111
-1111111111111111 11111111 op 111111 1111111111 1111111111 1111111111 111
111111111111111111 1111111 111111 ι1111111111)οᾶ 11111 1111111111 111
’1311111111111 11111111111111 (11111111 1111111 111111 1111111 1111 (11111111 1111111111
-111 1311111 ’1111111111111111111111111111111111111 11111111

’111111 1111111111 111111111 1
1111111111 111111111111111111111 ’11111111 11111111 11111111 111111111111 11111

1111111111 11111111 11111111 0 11111 1111 1
1111131111 1111 11111111 11 1111111111 11111111 111) 1 (131111111111111111111111
1113111111 1111111 41111111 op 11111111 1111111111 11111111111111111111111
11111111 (1111111111 1111111111 11111 1131111 1111 1111111 1111111111 1111111 1111111

609 1111111111 1111111111 11111 Ἥ

 

