 

’000000
000 0 000000 0000000 *00000000000000000 000 0000003 0000000000 00003 ι00000000
-00 00000000οο0 0000000000 000000 0 0 ι000003 000 00000000 0000000000 0 0 00
ι0000000 0 00οΓ 0000000000 0000000 0 ‘mavors op 0503338304 00000 000
00000000 00 00000000 00000000000000 00000 00000 0000000 0000000000 000000
-od 00000000 0300000000000 000000 003 00 0003000 0000003 00000000 000000
000 0 *0000000 0000000000 00000000000000 0000000 00000000 00 03000 (0000100000
000000 00000000030 M 0000000 0000000000 0000000 00000 030000 0000 0
00000000 00000 3000000 0000 ι000000 000000 0 000000 000000 00000 000000
-00 000000 00000000 ι00000000 00 0000 ι000000 00000 0000000000 00 000 00000
00000 0300000003000 0 0000000 0000000000 ι00000000 0000000000 00003
00 03 00000000 00000 έο0000300 0000000οι ι00000 00000000 0000000 0000
-000000000 0 0000000 (0300000 00000 ί0000003000 00 (0300000000 000.ιο 0000
0300000000ου ι0000ιο000 0000000 0 0000000000 00030 00 ι0000000000 00000 000000
000130 0 0000000000οᾶ 0 00000000 0000000000 0000 0300000οο 0 030000
000 0000000 000 00030000 000000 00003000 00000000 [0000000 0 0000000000
00000000 0 0000000000 0000000000οο 0000000 0000000000 003000 0000000000
0000000000 (0000000 ’0 00030000 0 00000 *0300000000 00 00 0000000 0000000
00000 0 0000000000 0000000 00 00000000 ’0000300οι 00000000 0300000000 0 03
00000000 00000 000000000000 0 (0000000000 0000000100 0 0000000 00000000 00
0000000000οιξο 000000300οι 0000000 0000 03000 000 000001 00000000 ι030000
-000 0 0300000000 000000 00000000 03 00000000 000 0300000000 0000000
03000000οε00 03000 00 00003000 ι00000(Ιοἰοοᾶ 0300000 0000000000 0000 0 00000
(0300000000 0000 000000000000000000 0000000000 0 0000000 ί00000001 0000 000
0000000000 0 00000 0 3000000οᾶ 00000 0000000000 000000 ’0000000 0003000
000003 000000 0 00000003 000 0000000 00000000 ι000000Γο0 0300 3000000 030000
00 0 0000000000 0000030000 000000 000000 0000000 0000000000 0 Ap
-0000 0000000000 0ιο0 0 000000 ι0000000000000 000 0000000 00 0000000000 3sz
,0000000000 ι03000 00000000000000 (0300000003000 0000000000000 000000
00000 0000000 ’000 0000030000 000000 000000 00 ι00000000οΙ 000000 000
00300 000000 00000000 000000 0 000000000000 0000000οἀ 0000000000 00 0000000
00000000 00000000000010 0 0000000000 0 00 0000000000 0 00 0000000000 000
*0000000000 000 00000 0030000000 0000 00000000 000 00000000 03000000 00 000οι
000 00000 (030000000οο0 03000 000000οι 0000000οη 0000000 00000 0000000000 0
ι0000000000 00 0000000000 00 0000000 0030000000 000 0300000000οῙ 00
-000 00000003 0 0000 0000000000000 00 000000000000000 00000 000 000 ι0000000

'9331 Ἥ ’0000000000000 00000000 899

 

