111472. 1111111111 1111111111111. 531

1111111 111 11111111 1111111 11111 1111111111. 1111 1111111111111111-
1111111111111111 11 811111 1 Anatolii, 11111, 111111111111111111
1111111 (1111111111, 1111111 111111 1111111 11111111. 01111 111111
111 111111 1111111111111111 11111111111Κ111111111 11111 1111111111
11111111 11111111 1 11111111 1111111 1111111111 111111111 11111111-
11, 1111111 111111 1111111111. (111 111111111111111111 1111111
1111111111, 1 111111 1111111, 11111 11111, 1111111111111111111 111111·
‚ 11 Β111111111, 11111111 1111111111,11111111111111111111,111111
11111111.

1111111 11111111111111111111111 1111111111, 11111 11111111, 11111 111111
1111111 1111111, 111 1111111111111111111111 1111111111 111111 11111111
1111111, 1 8111111 11111111, 11 go ι 111111111111111 11111119

11111111 111111, 1111111111111111 1 1111111111, 11 811111 IV
111111 1 11111111111111111111111111111111111Κ111111111, 11-
11111111111, 11 Κ11111111111 1111111 Ρ11111111 1111111111111111-
11111111111111111, 1111111· 1111111 111111 111111 1 1111111111111 11-
1111 8111111 Β1111111, 11111111111111Κ11111111 1111111111111111
Ρ111 111111, 1111111 11111111111111111 11111· 111111111 1111111111 11111
Ρ1111111, 11111111111111111111111111 1111111111 Ρ1111111; 11-
1111111 111111111111111111 1111111, 1 11111111111111111111 1111111, 111111
1111111,1111111111111111111 1111111111, 11111111 1111111, 1 1111111111
111111 Β11111111, 1111111 1111111111 11111 11111111111111· 11111111
1111111 Κ11111111111 1111111111 1111111 1111111, 111111 1111111111
(11111111 11111111, 1111111 1 Frauenburgu 1 11111111 1111111111,
1111111 11111 1111111, 11111111111111 1111 1111111, 11111 111111, 111111
1111111 11111111, 111111, 11111111 111111111111111 Κ1111111
1111111 (1111111111111, 111111811111, 1111111111 8111111
1 11118111111, 11111111111111111111. 11111111 11111 111111 Η1111-
berg, 11111 1111111111111111, 11111 111111111111 1111111 811-
1111111 1111111111 1111111. 1111111111111 111 11111Η111111111
i 111111 81111111, 1 11111 po 111111111 111 11111, 1111111111 1111111
11111111 1111111 11111, 11111111 11111111111111 1 11111, 111 11111111
1111 do 1111111. 1111111111111111111111 111 11111 1111111 11 Ρ111 J 1-
11111111111111111111111111111111111111111111111111111,
111111 11111111 1111111111111 1111111, 1111 1111111 11111 Heilsberg
i 111111 8111111 111111 1111111 111111111111111111111111 111111111,

11111111 111111 11111, 1111111 1111111111111111111 1111111111 1111111.
1, nuum. 1111111111. 11. 111. 11

 

