9119111918 ι191991 1191919911 mom ς 91919991 111 1119111911911911119
1191191911 ι1111111 (1(1911111119111911991Β91 ’9199111911 [9111999 [911911 ‘vu
9ῑᾶ s 1199191111 19111911 Π {om 19911111 9391991111111 9111) (9191199 M

1111126111 111919111161111 11911911 1111911111 op 919911
tuum 111111 ‘fl 9111119 99111119 91 9111191911919111911 1191911191911119 off

. ·Kpnq op 1199111 1111119191 1191111
9111111111 ’911919139111 91191911 111191 911.11911111911Ι[19 1 119119911191
1511191911 11 5191911Γ111119111 9191911111 11919119 11111111 [91111911 919 9919111919
’1919911 191191911111111 911 ι9191311111 9919111 911191οᾶ 9111919111 9111911911
[amul ι11111191 11111191 1911911911911119191111 ι1111911 Ι191111991191119 11111
9111111111199111919111 ι9391191999)1911191(1911111191191911 9391119
11931118 9111911191 111111ι 1991111991 1 911196 1119111111 919119 1111191
111191111119911 9911191911 1119119119 91111 1111 0 1 (1111911 Γ911919919 99119 ,191911
11 9911119119 ί1191191119 91111 99919 91911911 11919111 11 ι9991991111 11991911 1119
919919 919119 9 (9191911 111111 9391119191 1 9391911111 1 ί9119191191911991911 11
9111111 111991911111 (1111111191 1191 po (1911111119 Ζ 919 919111 19111191 11
1119111) 9111111 11 9911111111 9111191111 1111911 911 919 11119 ί1119111 :nsaw
-911 919111 op 99911911 1 1111991119 919111 111 1191911911 1991119111 93911 911
919113 11111 11191113 91 (9199119911 1191 1919111111 1119111111 11919919 ’1119111911
911 11111 1 9191191191 (1111111111 911 93911 op 1911919139 M 11911111 1 191191
911911111195199111919111 1119111111 ,19139111 op [91 9919 1199 19111

1919911111 1111119111 1111191190 op 1199111 (9111111 {up
[1911991919 (11911 9199911111 911 11191199191991ἆ 1111119111 19 s 93911 op
1qusz 919111911ῃῶ ufiumq 111 91191119 9111911911 191111 19111111 9111919111
111 9119111911 1119111 ι939111911191111190 9111919191 911111) 1119111911
ί9191111911 1 1911111119119111191 111911 (111111 op 1111111111 ‘serap 1191111911
{mmm 11911911999111111 1191919911 1111 91113 ‘uoq 9119111111 mg 91119919
-91111 1 ,1911911111 pod z9q0 1991191111 91191111 11119111 1111911111 1 1119119919
919119191111191ηῶ ·(1199191[199111 1191119911911191111 11119 op 1 989111
,1111119111(911191991191911911191119191939191139199 989191 11111199 1 s 919
-911191111111191191911119 (111191 911 mmmm 9191911 93119 ‘moed
1119111911 9119919911) 11919119 919 11191911 1191919111 1191 pod 1 ((1911110)
1111111911 op 11111111 91111199191919119111 (91919191119891199 vlup ‘qm
411111(11911110)9191119119111191111 ι(11911919199919919119111191111
191111 11 (1111111111111191191111 (11911911111111111119111
(11119139111991391911911 111119[11111111111111111119111111
11911191 111) 9191919111 911 93 11191199 (99119991 1191911119 ί11191911 v 1911

Ἢ Ἢ ·1111911911111991 1111111111 ‘939

 

