’755455 55555511 star. 3515136. 42. 53. 70-72.
mmmm m
Toodoryk Η555155511, pose} 1555595 Podiebr. 248.
75565591 6155155559 577. 01591 hr. Cylli 115. 118. 140. 211. 221. 245.
Τ55155151Ι 55155 4. 1155591435. 111551 05555515 206. 212. 213. 219. 220. 225.
’1115555 euoch* nunc. Apost. 527. 229- 231. 237. 238. 240. 249. 257. 288. 334.
’756511 l. Τ55515111Τ5519511) pose} 111. 211. 345. 382.
· 844. Ulryk [555955 247. 260.
Τ511551151. 434. 1115γ1 ΕΙ5551551155 (Εγ55555555) 5151. 1555155
‘roman 5 8555555 55. 1111515] V. Krzy4. 361. 416. 226. 604.
Τ55555ι 855γ95155511 551. pol. 100. 122. 01591 5 15615555 (ν. 1415555559) 424. 428. 439.
Τ555555 7595555511 9505155. 522. 11155115. Slup. 442.
Τ555555 5 8155591555 1. 8555915511, 5151. Κ551.’ 111591 *nuemburg 462.
53. 123. 132. 190· 194. 203. 214. 216. 241. 1115911. Oldrzych 25155 (159555) 05. 478. 491.
263-265. 290. ’ 498.
'roman Τ5555 1159. 564. 641. ’ 1115γ1 (1551115955 553.
7555555 55. 155551. 111551 Ρ555156511 578.
7555155555 0155591, ryc. pol. 334. 352. 374. 111551 8555555559 4.
377. 380. 382. 11515Ιό5 m. i 5555. 52. 383.
'romine 425. Urye! 5 65511 prob. 051555. 951555 5151. Ρο55551.
'sopor herb 551. 257. 265. 345452. 550. 560. 584. 586. 647. 648.
Τονυή m. 146. 150. 155. 160. 164. 165. 168171. 0559655 m. 47.
184. 192. 195. 200206. 217. 220. 225. 249. 1155555555 (Η55555155555) 55551 Pers. 555. 567.
257. 263. 264. 289. 300. 309. 329. 348. 352. 591.
· 967-369. 371. 378. 419. 423427. 428. 430.
mfflmffimmm w,
Τ551 m. 74.
Το5551ο5. 1555. 0455155 15. 01555. 319. 585.
'fostun (0551555515) 467. 015. 628. 105515515. 015155. 31. 143.
’7555151155156511 0455155 syn 1551555515. 115515. 29. 31. 47. 66.
Tou-uh m. 604. 143. 243. 452.
Τ5551ι herb. szl. 581. 1055155 syn 1111. 15. 115515. 119. 516.
Τ55515556 (155. ’15595555 363. 536. 1055155 syn Bol. 15. 015155. 292.
Τ555555515 m. i zum. 52. 499. 1055155 055555155511 576.
Τηηοιγη m. 289. 498. 1055155 3555155511555511159. 653.
’1555155555 zam. 533. 1055155 1455551 282.
’75511 m. 109. 505. 514. 545. 617. 1055155 Ν15555511 595. pol. 334.
’15555555 55. 5155515. 1055155 1511555115. 498. 516. 522. 546. 570. 590.
Trydent m. 600. 601. 1059555155 m. 274. 451.
Τ55551Ι l. 115515, herb szl. 452. 105155 5555. 284. 486. 287.
’1555515565 zum. 476. 478. 486. 1051155· 14551159 297.
’7555555555 m. 383. 105515 10115551, 05. 5095 551.
’15515515 m. i zam. 146. 160. 187. 224. 415. 1055155555 9555 233. 241. 244. 250.
’155955 (Τ555955) 55. 11115159. 10555695 m. 602.
Tun-cy 2. 8. 39. 54. 55117133135. 152. 207-209. war-mie m. 288. 330.
211. 221. 280. 290. 323. 350. 356. 364. 366. 1145555555 m. 544.
376. 380. 383. 384. 442. 443. 487. 513. 531. 105515 m. 385.
536. 538. 543. 554. 567. 586. 588. 591. 592. 105515 rz. 35.
593. 594. 601. 607. 609. 611. 012. 613. 620. 1055155559 m. 403.
625. 628. 645. 656. 105511 55. 1455559 15. Rus. 11. 31. 42.
’1555515 m. 23. ww! 015115515515. Rus. 31.
’155555 (Thura) zam. 533. 0455115555. 71.
Tum g5ra 284. 10556515 55. 8155151555.
Τ555155511 55. Jerzy. wawnynloo 5151. Ferrary, 15951 45555. 479. 490.
’7515515 m. i pow. 127. · 491. 541. 544.
’195155 11. Benedykt. 460. wawnynloc 25555555 15551. 8155555. 39. 79.

 

