11. 1459. 1111111111 1111111111111. · 265

11111111 111 1111111, ’11111111 1111111 Κ111111111 1111111111 1 1111111111
11111111 111111 1111111111 111111 1111111111 111111Ρ11111111 i 111-
1111111. Β11111 1111111111 11111111111111111111 1 111111, na 1111111111
1111111111 11111111, 111111111111111111 1111111111 1 11111 1111111111 1 1111-
1111111111, 111111 1111111 1111111111, 1 (1111111111111, 11 Ρ111111111111
Κ11111111111111111111111111111111 111111. ,11111111 1111111, 11111111 1111111111,
,1111111111 11111111 1 111111 1111111111 1 1111111111, 11111111 1 11111111 1111111-
,11111111.“ 11111 jego 1111111111111111111 1111111111 1111111111 11111111
111111 11 11111 1111111111, 1 1111111111 111 11111 11111111 111111111 1 1111111- “
11111. Ρ1111111111111 11111111 1111· 1111111 polubownego 11111, 11111111 111
11111111111111111111 1111111111, 1111111 1111111111 11111111, 11111111
1111111111111 1111111111 Κ11111111111 11111 Polskiego i Ludwika
11111111Κ11111111111, 1111111111 11111111 1 1111111111 1111111111, 111111
111 111 111111111111 111 1 111 1111111 111111.

111111 stupenti 11 1111111111 11111111111111 11111 1111111111111111111111
11 111111, 111 1111 11111111 11 11111 11111111 111111 1111111111.

11111111 1111111111, 11111111111111111 1111111 Κ11111111111, 11-
11111111 111 11111111 1111 111111 111111111111111111 1111111111 1 11111111,
11111111 1 11111111 11111111 11111111, 1 111111111111 1 11111111 1111111111
11111111, 11111111 1 1111111, 11111111111 1111111111111 1111. Ρ11111111 111
111111 1111111111111 11111111. 0111111111 (1111 11111111, 1111111-
11111 111111111 1 inne 11111111, 1111111 111 11111111111111111111 11111-
11111 111111· 11111111, 1111111111 111 1 1111111 (11111 1111111111111111111
1111111111111111111111111,11110111111111111, 1111111111111-
1111111111, 111111 Topor, 111111111111 1111111111 1 111111111111111111-
1111111 111111111111111 1111111111 Saudomierskiego, 111111 11111-
1111, w 1111111111 1 1 1111111 syna swego Jana, 11111 1111 1111111111 tego
1111111111 111111· 111 1111111111111111 (11111111111111111. 11111111 jego
11111 11111111, 11111111111111111111Ρ111111111111111111111
ina 1111111111 jego 111111111111 11111111 11111111. Tago 1111 nie 111111
1111 111 1 11111111 1111111111111 (1111 11111111 111111111111, 1 11111111
1111, 111 1111111111, 1111 1111111 1 1111111111111). 1111111111111111 11111-
111111111111 11111111 11111111 111111111111111, 1111111 1 jego
11111111 Κ1111111111 ΙΙΙ, 1111111 Ρ1111111, 1111111 jak 1111111111-
11111111. (11111111 jego ,i 1111111111, 1 11111111 1111111111 111111111111
111111 11111111, 11111 nie 1111111 111111 1111111 1 Β11 1111111111111111111111
111111 111-11, 11111111 1111111 im 1111111111 11111111 1111 11111. 1111111 po-

1111111111. 1111111 1111111. Κι. xn. · 34

 

