218 1111111119 119199119199111. 11. 1456.

,1111111191 9119111119όέ 1191111119 111191 tego 1191111911, 191111111119919 1991119-
111 11919111 9911119111 1 1111111919 1111111 ku 11911991 11919111 11191111 1191111 po
„jednym wiardunku.“ 1191191191 ’1911911911 1191111911 Κ1911ο1191191111,
(1119191191119Β191119 1991191919111 119191111191111,19119111 9111-
111191 1111191919 89119919111191111, 1111191991 1 1191111119-

nowi 1 119191111191 11111111 od 19111 1111191111 19191191111991191191111- ³
nia 11999919111 1119111111ιηί, 91919111191911111911 1111119111, 9 9111991999 9111111 ³
111111 119111 01919911191191. 111111 11119119 9111919 11911191 11919111 3

do 1111111111, 19119199191191191111911111, 11111111111111911199991111 999119 ,
1191119111; 911191991919, 99 91111911191119191 119 191 1119111991 1119191911119- j
1191 po 991911 11911, 19 (1111111111 911199919119111 19111 11191 11191 11191191, 2

111111 1111191191, 111111 (11111111 w 111119111191119111119 1111911.

81111191111111111111111111111111 11 111119 do 9111111111 11 mo 1111111ςί ³
11111111111111111111111 1111111 do 111111111191111111 1111111111. 11111111 ¹
1

11111911 111111111111111191111 ui 11111111 1191111 111191111111.

119191199111111111191111Ρ9191919191’119111919191191111119-
1911911919, 19119 0191111919 98191111111111119119,111919991119111, ,

9111911 91919911 Podolskiego 99111 Κ91111911199111919, 11111191 11111911 3
1191911111 1191911191] 119191191191911911 191111 1119191911 na 1119111911 1111- ÷

19111111 1911119111, 1 1199111111 1191911119 199191111191119, 11111 1999911119
9911111 1911 1111119111 9111911119 19119 1 11111911 1119911111 9199111911111 1119111119-
91919111, 9111991919111199111 1111111911, 1191911919 1111199191199119. Do-
1119199119 1111191119 111911 11111119 9119191119 1111111919 99111111, w 99111 1111119199-

1199111911111 11191191991119111911119191, 1 1999111111191119119191111191191191111 ⁴

9191919991911 11111111 119191191111911 9919111111 1111991191111ι 91911111 9119111
go 91 (19111919 9 1111111 1111119911. 191119919119 11111191 19 11111 11911119,

91111111191111 0111991991191· 1111191111 119111111119911, ani 1119919111,
9991911191, 11911 9911111191. 111911919111119 9111911111 11911111 9191 11 (111911 1
SS. 8111119119 1 J 11111 1191911111 119111111919, 111111 1911111111 1119111911 119- 3

191191119119119199111911911111 1191111911 Piotrkowskiego 19111111 119119-
1111911 9191111119 do 9111111111 11919111 9111191119991911119111911119111 1111911191,

9119111911 191 11119111 1 1111119111 1911111 9991111111 Ρ111111119111 9 9911191191

1119119111 1191999119 11911911119119119111 111111911111991911911911111.

 

