xxn

wewez'yniee palatyn qu. 4. winceniy 1 8111110101 11011. 1111010011123.

wewezyniec llledyceuez 638. 650. wincenly arcyb. 61110111. 613. 1619243031
Wewnyniee Piiqeym 151. 150. 32. 35. 31. 42. 52.
1110111010010111(11010111,1111111)151159. wincenly ityoli (cuych) mausz. 110101· 100.
11111011γηί00 811101 ryc. pol. 335. 306. 426. 531. 343. 358. 382.
1110111010080111111051119503. wincenly 10015111, 111101 1110151011, 511101 ’
010001111 05. 1111. 6110111111. 264. 428. 430. 439. 455. 458. 459.
Weqry 61. 118. 207. 208. 211. 214. 222. 224247. 460. 465. 4814965110. 502. 522. 523. 512

250. 260. 270. 290. 312. 356. 365. 319 383. 604. 605. 642.

403. 471. 498. 505. 513. 524. 526. 535538. wineenly biskup. 11110011. 248.

546. 556. 561. 567. 597. 602. 625. 627. 645· 1111011101 ob. 1 en.

656. 111111111 m. 441.

Wegmy 4. 5. 21. 54. 55. 60. 111. 208. 222. 244. 011111 11. 35195. 197. 224. 239. 252. 314. 423.

245. 269. 270. 325. 356. 487. 498. 525. 544· 596.

565. 511. 597. 630. 656. Wieiaw 11101. 11111101. 371.
110101γο 1110. 79. 421. 11111Ιί01 m. 132. 480. 563, 566.

Wenelowie 118133. 488. 514. 537. 628. 645. 650. 1111Ιί011 05. 8110101111.

1110101001. 496. 1111110111. 35.

wellin (weihli) 11111. 43. 46. 88. 126, 11111011 11. 35.

1111111 05. J 111. wieeaiyon bisk. Tuekul. leg. Apost. 441. 512.
Wiederi m. 340. 341. 506. 626, 11111101051119 05. 3111001

1110110111 m. 1 10111 001. 48. 563. 111110511 m. 75. 505.

wielkopolenie 22. 6364. 69. 75, 91. 139, 205. 111110105019 m. 599.

215. 220. 237. 271. 286. 335. 377. 468. 570. 11111011 m. 111. 650.

576. 603. 613. wilold w. ks. 111. 25. 43-45. 89. 95. 103127. .
11110110101111 1101010 22. 64. 65. 75. 100. 102. 111111110105. Wissaryon.

108. 144. 162172. 215. 216. 218. 220. 241. 111111101011 ks. Pomor. 311. 312.

242. 258. 211. 284. 292. 293. 306. 365. 386. 1111111101111403.404. 511.

407. 480. 485. 486. 511. 512. 534. 580. 583. witmer m. 367.
111101υή m. 37. 68. 105. 108. 199. 206, 580. witra 11. 430.

1110011011 5115ζο11. 109. 123. 276. 334. 458. 506. wled wojew. 0100110539.

630. wled hosp. Woloe. 384.
111101151011181000101(80500111011)274. wiedyeiew 1 0110050111 1 0001150111, ster.
wleezbewo 5015011. 319. Νο1101. 302. 324. 334. 345. 389. 451. 484.
11110111 0577011111. wladyelaw ks. 61011. 31. 106.

1111110101 165. 325. 1111ογ11111 liminii, 01111101 142. 221. 225.
11111101100102001051101,11.111001015. 119341. 11111ογ1110, syn 11111111. Jegiell. 11. 6101. 201.
463. 475. 477. 494. 496. 511 538. 541. 546. 311. 440. 487. 495. 507. 512. 511. 519. 520-

 

641. 522. 524. 538. 541. 543-545 517-549.
wilhelm ks. Auelr. 7. 551. 553-557. 573. 576. 518. 585. 591.
wilhelm 1010111 151. 159. 596. 599. 613. 615. 617. 618. 619. 620. 624.
111115010111110,61.522. “ 625. 627. 633. 634. 635. 652.
wilhelm 1110160111. 229. wladyelew Wemehezyl( 11. Ρο1. 1-15.
wilheim 1. 7510111010 1Τ101111γ11) 282. wladyeiew Opoeoweki biek. 711001. pole'm. amylo.
111115011010100501911115γ289.395502.551. 01110111. 613. 17. 24. 31. 35. 42. 53. 57
wilhelm Sehindei 10111111 00101011. 392. 63. 65. 7588105. 101. 108. 122.
wilhelm Pelliee. 61005420. wledyeiaw syn 1150111, 11. 1113. 1610124.
wilhelm 611100501111 582. 21. 81. 111. 113 - 115. 118137. 140. 163.
wilhelm Epinqen komlur 00101001. 428. 439. 164179. 181. 208. 211. 221. 224. 441. 450.
wilhelm he. Misn. i 1111111454. · 458. 475. .
wilheim 1151 poeel 61. 517. 576. 582. wledyelew 10110101. 7.17.30-32.40. 63. 72.
wilhelm l’eeeieheki 1150161, 546. 127. 162. 163. 201.
wilkenewell 05. Adam. 11101ογ11111, eyn Wlad. 1011111011 202. 319. 336
wliltenoweki 0511110101. ' 331.

Wllne m. 42. 56. 74. 95. 109. 140. 223. 294. 378. 1111111011110111 0111 wojew. Weg. 4. 244.
. 469. 505. 514. 545. 586. 617. 1195011110 101001 11110001) Weg. 289.

 

