0 m u ‘011¹ch 0010 003πο 0

-0000 000 0000000000 od 000 ’00000 00000 0000000000 00000 ι0000100000

0000οἾ 00000000 Apus [003000 0 (00000 0001 0000 00000000 00000000 M
oflos 0000 00 *00000000 000000 [aupes 0 00000 03 0000000000 ι0300000000
0000000000 000000 00000000 0 0000000001 0000000 0000000000 0000000 op 0000
0000 000 00000000 00000 0 0000 v 00000 lup 00000 0000000οο 0 000000 0 000
’ 00000000 000000οἾ 000000 0000000000 0000000000 0000000000 od

’0000 030οι0001 ’
00 0000000 000000 00030 nomm 00 00 000000000000100000001000

’ »0000000000 0 awo&
0000300 0 ι0000000000οο 00000 00000000 00 ι00000 000000 00 0000000000ιε
, -0010 0 00000 of 00000000 0 *0300000000 0000000000 000000 omnm&
op 000 0000000 00000000 000000 0000 ι0000000 0000000000 60003000 0 000 0000“
-001 000000 0000000οΙ 000 00 00 000000 000000 0000 00000 0000000000
[000000 0300000 op 60000000000 0300000000 00 0000000000 00 600000000 000
0000000000 ,3000000000 000000 000 ι00000000 000 op 0000 00000000 ff
0000000000 60300 000 0000000 000000 00 000000 0000000001 0 &unp 00000000
000 ι00000000 0300000οι0 mmm [00 0 000 00000 0000000000 0000 0000000
0000300000 0000 0000000 000 0000 00000000 0000000000 0 0000000 0303
00000000 00000 000 000000 0000000001 000 000000 ι0000000 000 000000 0 0000(
*0000000 0 00000000 00000000 M 0000 00000 ,0000000009 000000 00000000
-00 0000000000 ί03000 0 00000000 000000 0000000000 0 ι0000 000000 00000 v“
030000 00000 0300000000 00 03 0000 sozom 000 00 (00000, 03οΓ 0 000006
-00000 0000000000 0 00000000 00000 60000,Γο 000 000 0000 0300 03000 0 0 0000
0000000 000 0003 000 ’000030 000 00000 00000 000 0000000 000 000) 00000 000
0300 000000 000000 000300οΙ 000 0300 [000003 000 000 00000000 00000 '‘KQ“
00000) [000 00000000 M 00 (00000000 000001 000 000000 0000000 moso?

' -000 00000000 00000000 00000 00000 030000 ι00030000 00000000 00 0000000000

00000000 00000 0 ί0000000000 00000 00000 603000 000 0000000000 00000 ff
0000000000 0000 000 0 000000 000 000 0000 000 0000001 0000000000 0 000000κ
0000000000 00 ’0000000 0000000000 000000 op Δ00000000οῑ 00000000 000000
-000 000, 0000000000 [0000000000 0 [eumad 000 0000000000 000 000 0300000ον
-0000 000000 0300000000 0000000000 000) ι000000 Ι0000000 00000 [00 0 000000α
0000000 0000000000 ι[00000 0000 ’00000000οι00 0000000000 0 000000 000000
00000000 000 0 0 4000000 000000000000000 0000000000 000 000000 ,000000ι
00000000 00003 ι00000000 000000 op 0000000000 0 00000 00001 0000000000“
00 00000 ι’000000 0 0000000000 0000000000 00000000 0000000000 0000 0000κ
-00 0000000000 0 0 ι0300000000 00000000 030000 0000000 0 00 000000οί*

6 · 000000000οε ’0000 0

 

