450 - 1111111111 1111111111. 1. 1461.

111111111111111111111111111 1111111 11111 Ρ111111111, 11111111- ¹
11111111111111111, 11111111Κ11111111 1111111111 1111 111111,
1111111111111 11111 1111111, 1111111 1111111 je 111111111111. 1111111
1111111 11111 1111111111 1 1111111111 1 111111111111, 111111 11111 11
11111 1111111111 1 11111111, 11111111 11111111111111 11111111 Sei·
1111Β111111, 11111 111111111111111111111111111111,111111111- 1
11111111 Fabiana 11111 1111111. (11111111111111111111111110111-
1111111111,1111111111Ρ11111111111111111111. 0111111111
1111111111 1111111111 111 1111111111 1111111111, 11 1111111111 111
(11111111111111 1111111111.

11111111 1111111111111 11111111111111 11111 11111 11111111 11111111 Kni-
11111111 1 111111.

Ρ111111 111111 11111 111111 11111 11111111111, 1111111 Nurdu-
111, 11111 po 11111 1111 Η11111111111 11111111 11111111. ’111111111-
11111111 1111111 Η1111111111, 11111111, ,1111111111111111111111
,1111111 1111111111 11111111 1111111 1111111111111 1 11111111 111111
„bravi i 1111111111 1111111111 1111111,“ 1111111111 11111 1111111, ,11
,11 1111 11111111, 1111111 1 1111111111, 11111 1111111111 Hadkigerej
,1 111111 Κ1111111111 1 jego 11111111111111111111, 11111111111111
,1111111111 11 1111111111 11111111111111 1111 11 111111 11111111 1111
,111111 1 11111111 1111111111 1111111111111111 111111111111111 111111-
,111.“ 0111111111111 mu: ,11 1111 1111111111 1 Ρ11111 111111 1111111
,111 11111111Η1111111111. Ζ 11111111111 111 11 1111111 11111111 1111
„jego 1111111 1111111111 11111111, 1 111111111111, 11 11 1 11111111 1111
,1111111111111111 11111111111111 11111, 1111111111 1 1111111111 11111-
,11111111111111 Ρ11111111 1 11111 11111 111 11111111 111 1111111111
,111111111111111111111 Κ111 111 1 1111111111 Ρ111111 11111 1111111111
,1111111111111111111 111111 111 111111 111111111111111.“

’ 1111 1111111111 1111111 11111 1111111111 11111 11111111, 1111111 11111111
1 11111111 11111111.

111111 111 11111 1111111111 1111111111 11111 1111111111, 111- ³
1111111111 111111 1111111111, 111111 1Ρ1111111111111111111111111111111
1111111, 1111111111111111111 1 11111111Ι 1111111 1 1111111 111111 111111
1111 1 111111 1111111111 Ρ11111111, 1 111 11111111 1111111 1111111

 

