11. 1463. 1111111111 memnonem. 349

11111 11111111, 1 111111111 11 1111 11111111 11111111111111. 11111111-
111111 111111 111111111 1111Β1111111, 11111111 11 1111111111, 11111
11111 11111 111111111 1111111111, 1111111 111111Κ11111111111 1111111, 11
w Β1111111 1111 11111111111111111111111111111111 1111111111 11111111
111 1111 111111 111111 11111111 11111111111111. 1111111111 1111111111,
,1111111111111 111111111111111111111 1111 11111111111111111111111
,1111 111111111 1111111, 111111 1111 11111111 1111111111 11111, 1 11111111
,11 11111111111111111111111 1111111111, 111 Κ1111111 1111111111111 1 Β111-
,1111 11111111111111, 11111111 1111111111111 11111111 111 11111111 11111-
,1111.“ 1111 111111111111111 11 1111 111111 111111 1 11111111 1111111 111111·
11; 111 11111111 1111111 S. 111101111111111 111111111111 1111Ρ1111-
111 1 Ρ111 11111111111111111 111111 111 11111111111111111111111111
1111111, 11111111111111111 1111111111 11111 1111111 1111, 1111111111111
1111111111111111111111, 1111 11111111111 111111 Κ1111111111, 11111111
111 111111111111 111111111 Κ111111111. Κ11111111, 11111111 111111111 111111
11111111 11 11111111 11111111111111111111111 1111111111, 1111111111111111-
111111 11 111111111111 1111. 8111 111111 1111111 1111111111 111111111 11 11-
11 1111111111111111111111, 11111111 1111111111 11 11111 1111. 11111-
1111-11 111111111111111111 111 11111 111111111111111111111111 1111111
1811111 11111111 Κ1111111111111, 1111111111111111 11111111111- “
11111, jak 111111111, 11111 1 1111111111 111111111111111111111, 11111
111111111111, 111 go 111 1111111 11111111 1 1111111Ρ1111111, 11111111
1111111111111111111111111 1111, gdy 111111111 11111111111111111 legata,
111111 111 11111111111 1111111.

1111111111 1 11111111111111111111 11111 1111111 1 1111111111. 1111111111 1111-
111 1111111 [1111111111 11 1111111111111 1111111, 111111111111111111111
111111111111 111111 11111111 11 1111111111 1111 1111111.

(11111111111111111111111 111111111111111111111111111·
1111 11111111 1111111111, 1111111111 1111111 11 11111 1111111111 111·
1111111 111111111. 1111111111111 1 Ρ111111111111111111111111, 81111-
11111 0111111111 111111111111111111 1 1111 1111111111111-
111111 1111111111 Polskiegot 1111111 11111111 1111111111111 111111111111
11111,1’111111111111111111111Ρ111111111 11111Ρ1111111111, Β11111111,
0111111 1 111111, 1 1111111111 111111111111111111111111111111111111111
1111111111 11111111, 1111111111111 11111111111111111111 11111, 11111111-
111 1111111111111111111 11111 111111 11111 1 Ρ11111111 111111 S. 111-
11111, 1111 1 1111111111011111111111 Ν. 111111. 11111111 111111 11111111

 

