91) 1111001001 11010110101111. 2 111451.

,10101011111101011010101101, 11001101, 11100100101 1100101111. 1110·
,100100010 010 101110, 10 0101101110 10 1111001110 1010110110 00101011 1 110-
,10101 1001001.“ 11101000 101110 1 101101000 110010 00101010101000 10001010
110010 10001 w 100 010011 0110010111. 11011 1000010 1111011001, 1010
1011001011 w 0011 1 01110101001011 0100011010 1011 0100100100 10100100010111101
001 01001101 0100101011, w 010111000010, 101111 1101101011 10101011101
111010111110111100101 00110110 101101 101 11010010 001101. Nie 1111001011
101010011 0001010101 0010101, 1 011011101010101110 1001010 00101011-
001010, 011 110110010οθ 111111110οο0 1001011 1 001000101000 0110 1110110000.
1110 01101010 1011101101 001010100101 11101110101011, 01010101111 1000010
1101001 10101101, ,10 1010111 1111 101110011010101101 0101 00101 01111110
„w 001110 1111111, 1010101, 101 10110111010101 11011 010110 100110001011111110-
,01101 01011 10101101101, 111111010100, 10 00 1010111 0011101110 1010110001
,0110111 10 001 1 100011101010 10 0100011010 11111010; 1 101 1110110111 1 110-
,1110, 01001 100101 1 0010111111 1111011010 01110 11010101 1110000101 00010
,1010111100 11111111 1 00101101111 010 0100101011, 1011101010 00100100
,1011001 Κο110110110111 101010010 11100011000, 1010 10010101000100
,010 1010110100, 01100 0110111 01101 01100101110101 00111100010; 01010 1010101
,110 1101110 0011101101, 011011 111001 111111110110 1 1010111 1111100100 Pol·
„skiego 1 111100, 1 0010101 1000110011 10100001 00101.“ (11101011
11110101 1 11011 00100110 01011111011, 011 111010 1110101000 010 1010010
010 1010011111010, 1111 po 0010111101 00101110 01101111011001101010,
101001011100011, ,1111 w 11111 00101110 111101000 11010001101101110118. 111-
,011010, 0111111 11111111111011 10110101 0110111110100111000010, 1 0010-
,1111010 1100111010 00 10 1100100101 110111 1 1101110110, 101011100101101001
,1010001 w 01101001] 1111010001011, 101011 1110100101 101111 111010 0010111
,010 100111.α Ρο 0111001011ιο w ten sp0s6b 11011110, 1111 Κο11101011,
11110100 00101010 0101010 00 11101001011100 110 0110110010 01110 Wo-
1001101, 010 0100110100 1011 1110101101 10010111101000,1111101 010
prosto 10 111101. 1110 0101011110 go 011010 101011 1001001111011 1100111,
Κ101000001111010010,111011101011110110101010101001011,11ό-
111 1 100010 10101010, 101001010100110 010 w Ρο1000 10110110, 0100110011
01001010111010 110110 101 Β1011110, 10110011. Do 10101010010 101 01100
1101001101 000101 1000 1 11111000 1001101000101010010 11101011-
011010,1101101810001011010011011010,11110110101Κο-
0100101080010011010111010,1001110010.

 

