11. 1468. 1111111101 1101111010111. 411

,Κο111110110, 01011100100101Ρ10011100 do Macieja 11110110-
,ςί01011000, 11110111101 01101 010 011010 111010 1 1010111111 01001101
,01100111 10110110 Ρο11011011110111 1 jego 011011110111, 1 1010111110
,1 11000110 0101101 100010101101, 010 10 jego 1010110110110, 1 0010110111
,11010 11110001010110111 010100011010, 10101 1101·1001010101110101; 10101
,1001011111 1101011011,100111000101001000 1000101110 110101111, 01010111 ·
,001 1110110 11 0010110101. Ze 0111101 ’11110011 01100101 10 11000 1 11101110-
,1111010111 0001101010010 (110110), 1 1011101011 1111 1100101 0110-
„je 101111011 0010110011 1010111 1100101111 0000101110, 1111000 0101101101
,1011 10110, w 00111 1111111101ἱο 11100110111000 1010011111. Ρο1111, 1011010-
,111 000011 111011101110101101111 1100110 0110, 11110 011011011110111110-
,01010110111 01100111 1011110111 1100011111. Ze 10110 10111010 010 1111-
,1001 1101111 1110110 110110 0010111110 10 1111010110 11111000 0110011110-
,1101111, 1110101011 011011110 101111 11110011001010110111 10 001100.
,Ζο 110110 11011οο11011, 01010011011101110101011011000 11 (11001001,
,1111100110ηο 0001110111 111001 0011111 01001101, 001001011110110100110
,1 1101010111 111101100101011000, 11110 (jak 1111011111) 111010 0010011101
„nie 10110 1100101110 1110101000 11110111, 010101010, 11101, 1011,1101111
,1 1110010011 w 0111100 1101011101· 1011111010, 1 001010 10110 000110110 010101
„najryohlej 1 1101011011 10110001 110011 101111 11011110 11110 101011ος0,
,0101100101111011100Ι 1111011, 010 00110101 1110110 10010 ’011010 001000,
,1 1111001110 1100110, 0011000 010 001 jego 0010110110, 0 01011011 1110-
,1110111111 101111 1 00110111 jego 10101000, 0110 0011001 00010101 10111 1111111
,1 101010110101101101, 0110111111 00111110 0110010101010101011010, 1 0110-
,0110111010101010111.“ 1100111101, ,10 1100101· 1111 1100101011 0101 0111
,0011110110, 010 101 1101010110] 11110 ijego syan 0101101111 10 1111001110
,0100110,“ 011011010000, ,10 1110110 110 010110 1 10 111101110όο 0010010110
,11001000 010110011010100100101011011 101110111 10110 1110111 110010
,11111011 1010110.“ 101111 10 0001111111 000100101111, 10 1111000 0100111 10110
0110010101010 0010101111, 00011010100 11001010 11110 Wegierskiego
1111011 0111 1 0110010110, 1011011101 11110 1011010110, ,010 1011111
,1100101001 11101010 011010 01110 10111100, 0010111 101 110101010
,0000110 111111011ος0, 11010111110110111, 01010101011010111 1101-
,101101110, 1 01101 1011110111, 110 011000 1 101 00110111 101110110, 00101111
,1 11011100100101 010 0111111011011.“ 1110110101, ,10 0111 11110111 01 11101110]
,010110; 101010010101110111 01011100, 010 1111 101011 00100100010 1010110
,11100110 01011011 111011101110 0111100000 0110111 0011011, 00111000 11100101
,0111101000 1111101101 1101000001. 1100100101111110111111101011
,11111101 010 000110001000 00 0111001 11100011101011000 1001111 0110101010-
,110 11101110100 10 11001011 1101111, 0 1101111101 1110000· 0001101101-

 

