9999999 99999999 9999999999 99999999 999 9 9999 9939999 999 9999
-99 93999999 99999999 9999999999 999999 9999 9 9999999999 9 999999 99999999

³ -999 99999 999999 ί99999199 999 99 9999999 99999999 999999 99999 9999999 99999
9 mu 999 999 999 9999999 999999 99999 9 6999999 9 99999999 9999999999 999

9
9

9 9999 9999 93999 999 ι9999 99) 999999 99999999 999999 9 999999999999

9999 999 999999 po 9999999 9999999 999999 9999999 9999 9 έ99999 op 9999999

9 9999999999 9999999, 9 9999999999 999999 9999 9999999 9 999999 999999

-99 9999999999 9 69999999999 99999 9999999999 999). ’999999 999) 99991 999 999
-999999 9999999999 9 999 999 έ99999) 99999 op 999 99999999 99999 999999
ι9999991999 9999999 9999999991 999 9999999999 99) 99 99999999 9 999999
99 9 9999999 pod 9 999999 999999, 99999999 s 99999) 9 99 (9999999 93999
-99 99999999 9999 ’99999991 999 99999 9999999 op 9999 ’9999999 9999 999 9999
99999999 99999 9999999999 99999 9999999 9999999999 9 999999 op 99999 9
99999999 999999999 9999999 99999999 9 9999999999 9 99999 9999999999 9 999
99999 9 99999 99999999 99999 op 99999 9999991 99999999 9999999 999
999 99999999 ι9999999999 999 9999999999 9999999999 9 99993999 999 9999999999)
9999999999 999991 99999 ι9999999999οᾶ 9999999999 999999 9 99999999
999999 99 99999999 99999 9999999999 99999 ι9999999999οᾶ 9999999999
-999 99999999 9 99999999 9999999 999999999999999 9999 999999999
99999 999999999 ι9999999 99999999 9999999 999 999 9999999 99999 9999
’9999999 9999999199 99999
99 99 ι99999 99999 9999999999 99 ι999999 9999 9 9999999 (9999999 99999
93999999999999999 9399999999 (99999999 9 9999999 999999
9999999999) pod 9 ’9999999999 9399999999 9999999 999) 9999999999 99999999 99
999991 9999999 pod 9 9999999999 9999999 9999 po 999 9999999 ι9999999999 999
-ud 9999999999 9 ι999999999999 99999999 999999 99999999 9999 00 9999 9999
-9993 999999 op 999999 999 9999999999 99999999) 99999999 99999993 999 9999
999999 ι999999 9999999 99 9999999999 999999 999 9 9999 99 999999) 999999 9999)
99399 9999999999 9999999999 999999 ι99999999 9999999999 9 99999 9 999999
9999999999 9999 9 99999999 9999999 9999 9999399999 9999 9999999 99999 99
9399999999 99999999 999999999 999999 999 99999999 9999999999 9999999 9999999999
-999991 9999999 ᾖ9999999999 9999999999 99999999 999999 9999999999 999999 9“
9999999999 99999999 99999999 (99999999 9399999999 99999 999 9 9999999κ
-99999 999“ ’9999999999 9999999999 9999999999, 999 99999) 99999
-9999 9 9999999 99999999999999 99 999999 (99999 99999 9999999999999 9999999
99999999 9999 9999 999 9 9999999999 999999 9999 9999199 9999999 ι999999
9999) 999 9999999999 99 ι999999 9999999999 9 99999999 99 999999 έ99999 999 9999

· '19ss ·a 9999999999999 9999999999 909

 

