61458. 66666666 6666666616666. 255

661616 1611666116, 661666 61616 66661661616661, 61166161 1 1666666661661611
666161666661, 1616166666661 61616616111666 11666161, 616 6616666661 1611
1 1661 6616 6 16166616161666666161666611611 16611661, 6666616 6166166611-
6116161666161. 161 166166 6666661616 161 116666 61666116 1616 66661116
6 66161 6161166 666666 16666161, 1 6616166661 1661666 6 potam 16161666 6111
6666611661616161. 116116 6166616616 11666 1616661661, 1666 661 16116 661
1666 661616 616 6161616 6116611 16 6611616616 616666. Agdy 616116116616
1661 6661616, 66661616 161-16 6 61616, 16166666111661 6661, 6166616 16116
6666666. Ι 16 6166616611666666661111161 66616 6616661. 1116666666 6166
6116661666 616 6666666 6661611 666616 16 66661616 161166611666, 61616 616 61-
166616 666616, 6666666 1 6611166166 16116 6666 6 1666666661 6666, ,616
,661616 161 6661666116ςοὶ 6616166666, 11166 6 61666666 1666616 666616 66
,66166 616 66111 1 616 66666661 616666 1 16616616 godwi, 6116616116161
,6166166616 1666666661616. 1161611, 16 661661 1611 6166661 16666 6661666666
,6616616 116616616166, 6666661 66661666, 1 616666166 6616616, 6116 661-
,6666666116 611111 161611616666666161.“ Ν166616666661 666116 1166611
16116, ,61661616661166661166 pory 1616161, 66666 66166666161616666616
,161616616.“ 11611 6166616161, ,16 66161 1 66661616 6 6666611116.κ 816161
161661 616 6661666661, 616 sami 66166 1611 6616166 6616 6616666161, 116161
1616661 6616111 6616616 66 6611 6166666666, 1661 6666166666 1611616616.
216611166661 66666666 6116161666 6666166616 616616, 6161661616616
6166661666 66166666 616 6166666666, 661 6666 16161661 616 1616 616666,
16116 6611166 616161. 1666166 6166666166161 6116161666 66116666 666166616,
6666661611 661666 161616 8161 616 6666661 6616166 6666661666, 11166 661661-
6616616666616 61616 16661, 11 1166 616166 1 6661666 16116, 616 6666661-
616 61666616 66 miastot 6661161661 1611 1 6666616 66161 166611 16116616
16 6166616. Niociorpliwilo 16 6166666, 111666 po 61616166166666161161616-
166616, 616 6666661611661666 16 66166166 616 66166666 66666 16116 661666
6116666616 1616661666, 1 6161666666661666166666. 166 v. Β666666, 6161-
16666166 Ρ666, 6661 166616661666666666, 666616 6666166666116116Κ6-
61616666 6666 6166666661 6666, ,6161666161616161661616666 6616111,
1116166 616 66661 nim 6116111, ,16 666616666166666 pory; 616 616 16666161
,61666 661616 1 16666666611 6666616 66616116616166 161 61611161 66161
,6661611 616 66666616 66666161 1 16666161, 16616 1616 1616 1616666, w 111-
,666616 661616 1111666116, 161 61611161116666, 616 6666116 6616116, 66616-
„jae 66666116, 166 66666 6161 616616 166616, 66166161 616 1661666 6161661;
,1116 6166 6161666666661611616 1 6666666616161 61611161 66116116.1 116
6666661116, 161 1666166666661616 1 166661, 66161661666161666 6616 616
1616 61661666. 16616161, 661166616666 161166166 1161611666, 66161-
66666, 161616 1616666661 6661666616 61616661 16116 611616166161 6661666616

 

