572 1111111111 11111111111111. 1. 1474.

111111 1111111 11111111 111 1 1111111 111111111111111111111111111111111.
Β111 111111111111111111111111111111, 11 111111 11111111 1111111 1 11111111-
111111111, 111111111111 11111111111, 11 ioh 11111 111111 11111 11111111111.
11111111111111 111 1 samo 111111111Ρ1111111111111111] 1111111 111111
1111 1111111111 1 1111111, 1111111111111111111 1 1111 1111111 1111111, 1111
11111 11111111111111 1111111111, 1 1111 111111111111111 111111111111111111111,
1111111 1111111 111111 111 1111111111. Ζ111 111111, 11 1111111 11, 11111111
1111111111 111111111111, 11111111111111 111 11111111, 1111111111111 1111111
1111 11111 1 11111111111111111111111111, 1111111111111 111111111111 1 111·
gamem, i 1 11111111 11 11111111 11111 11 11111111111111 1111111111 11111111 11

, 111111.11111111111111111111111111111(111111Ρ1111111111111811-

111111110111111111111111111, 1111111111, 1111111111111111111111
11111.

11111111 1111111111 1111111111 1111111111 11111111111111111111.11111111111
1111111111 111111 1111111 111111111111 11111111 1111111111 1111111111, 1111
11111111 1 1111111111111111111111111 11111111 11111111111111

Ρ11 11111 1111 1111 1111111111 111111, 11111 1111111 111111111111Ι 11-
111 11111111 1 1111111111 111111Ρ111111111, 1111111111 11111111111111 1111-
11111111 1111111111 111111 1111111 (11111111, 11111111111111111111111111111111
Heilsberga 1811111111, 11111111 111111111 111111 1111111111] 1111-
111111, 11111111111111111, 11111111111111 do 1111111111 1111 1111111111, 11111111
11111111 1111111 1111 1 1111111111111111111111 11 111111111111 1111111111
11111111 1111 11111 1111111111 11111111111111, ’1 111111111111 111111111-
Ι11111 1 1111111111, 1111111111111111111111. 01 1111111 1111111111111 1111-
1111111 1111111 111111110111111111111, 1111111111 11111 1111 pra·

11111 1 11 11111111 111111111111 1111111111 111111111111, 11111 1111111111
’ 111111 1 1111111111, 111, ,11 111111 11111, 11111111 1 1111111111111111111111 11-
1111111111, 111111 11111111111111 111111111111 Ρ1111111 1111111111. 111-
11111111 kral Ρ111111, 1111111 1111111111111, 1 1111111111Ρ111111
111111111Ρ1111, 1111111111111Το11111.11111111· 11111111 11111-
1111111111 1111111111, 1111111111111111 1111111111 111 1 111111 11111111, 1
1111 111111 1111111 1111111111111111, 11111 pod 11111111111111. 11111
111Κ111111111 11111111 111 11111111 1111111111111111111111, 11111 111
111111111111111111111111 111 1111111111 i 1111111111 1111111111, a 11111111
1111111111111 1111111111 1 111 po 111111 1111111111 1 1111111 111111111-
111, 11111 1111111111111111111111, 1 11111111 S. wita 111111 11111 11111
11Ρ11111111111. 8111111111 111111 11111111 11111111 111111111111 11111

 

