72 1111111111 11111111111111. 11. 14111).

Ρ1111111 1111111111111111111, 11111111111111 11111111 111 do 11111111. 11111-
11111111111111 11111111 1111111111, 1111111111111111111, 11111111 1111111111
1111111 1111111 11111111111111; 1111111111 11111 111111 11111111111111111111 111
1111111 Ρ111 1111111 111111Β111111111, 11111111111111111111111111111111111,
11111111111111111 1 1111111111 11111111 1111111 1111 11 11111111 1111111111,
11111 11111 1111111111 1111 1111111111. 111111111111111111111111111111, 1111111
1111111111 1 1111111 111111111111. 21111111111111111111111111 1111111 1111 111-
1111111. 111111111111Β111·1111’1111111111111111111111 1 111111111111111 111111
1111111111, 11111111 1111 1111111 111111111111111111111111111, 1111111111
11111111 1 1111111111111111111111. Β11111 1111111 sie 0 1111111111 1111111,
111111111111 111111 111111 1111111111. Ρ11111111111111111111111111 1111111111
1111111111 11 1111111. (11111 111111111111111111, Ρ111110111111111111111111
1111111111,1111111111Ρο111111111111111 Β1111111111 1111111-
1111 1 1111111111 1111111 1111111111. 011111 1111 11111111 1111111 11111111
1111111, 1111Ν11111111111111, ,1111 1111111111111, 8111111111 1111-
11111111, Adam 11111111111111811111 1111111111111111111111111. Bog-
1111 111 1111111111 1 1111 1111111 1111111111 sie do 11111111111Β11111. 111111-
111 11111111 1111 11111111111111111111111111111, 1111111 1111111 1111111111 1111-
1111111111ε 1111111 111111 1111111 1111111 111111111111111111 1111111111, 111
1111111111 agonem 1111 1111111111 11111111111111 11111111, ’111111 11 1111111
111111 11111111.

Totam, 1111111111 1 111111111111 11111111 111111 11111111 1 1111111111,
1111111111 11 1 nogioni 1111111111111111.

1111111 11111111 8111111111 111111111111111111, 11 1111111111 1111111 ’

11111111 1 Ρ1111111111 111111111111 11111111111111111111 11111111 sie
1 111111 111111, 1111111 11 porc} 1111111111111111111(11111111111111 11111 opu·
11111111111 1 11111111111111 111111. 1111111 1111111 1111111111111111111, 111111·
111111111111111111111111111111111111111 11111111 111 Rufi i Ρ11111,
1 111111 1111111111 1111111 11 1111111111, 1111 1111111 11111 1 1111111111 1111111,
111111111111111111111 1 1111111111, 1111111111, 1 11111111 1111111 1111111111 11111
1 11111111 1111111 111111 11 111111111111111111 11111111. 1111111111 11111111
11111111111111111111 11 111 11111111, 111111111111111 1111 11111111
111111 011111, 111111111111111111 1111111111 1111111 Β1111111, 1111111
111111111111111111111111111 1111111111111111111111111 Β111111111,
11111 1111 111111111111 sie 1ο111111; 111111 11111 0111111111 11111111 go
od 111 11111111. 1111111111111111 1111111 111111111111, 1111111111111111 11-
1111Τ1111111, 1 1111111111111111111 11111111 1 1111111111, 1111 1 1111111111

 

