428 1166661666 1661666616666. 161466.

11661666666111666 611616 611 po 6116166111 11116 6616. 01661611 616 666116,
61616 6 11666611 do 166616 6666661116 ich 616 6661116; 66611 11661616 6666-
66116616111666116 6661611 6661166661; 6166161611, jak 161666 66616166616 616
1166166616166661 1666166, 61616116666161 1611 do 6161666166 1 1616666,
6 6116666666 661166166616161 od 61616161 161616, 1 16116 6666611166· 6616 66-
61661611, 616 6166616 Κ166161661 11611 6111611. 1616166 616 61666616 666-
616611666 61616 1616116, 1616661116666, 16 gdy 16166 6 w 6616161666666·
6116 616116 do Ρ166, po 61611661616616 616 161661, 11116 6161661 6666661116
6116666 1616 do 6666616166616 6661666616166, 66166 161 66166166 do 66666111,
6661666611, 66611116 6616611616 616 1661166616 1 6166166616, 66611611 616 111-
1661 1 1111661611 1616116166, 1 66166661 616 6 616611 66666666, 61666 66
66616166616161116611 61616666· od nich 6166616166161 1 66166116161666661616,
611 w 6666616616] 66611616616 16661116. 2661666666 61666 6661166 6666161116
111616 16661 1666161611 11611611, 61616161601616166, 6166 6 Win-
666166 Κ16111666, 6166166616 od Κ6616116166 11116 Polskiego
166616166616666161161661161616616 1111666116, 11116166 dano 61666-
666 61666616 66 16 6116666616 161 6116666616 66166116. 8661666666 616 16-
61616,1616166”6666 mniejszej 1166116 66616161 61666116 616 666116 1 pokojo-
6661 11116116, 66116116 Toruniu. Wielco 661616616116161616116661 111166-
161611161661661616661611616116 111166661666 Κ1611666 do (11161-
1666,1611116 6161661 6166616 ugoda 66 do 61166661 66166116 pokoju.
Rudolf 1661661 166611666161611 6 6616, 6611661616 616161 616 6 6166166616
66666 Ρ166116 j, 6 66 1666 1661661 6611616666· 6616661 16161161Κ1661666,
61161666 6616666, 16161 1161666111 1 16661616111616661661. 1166661 66 66-
661611 11116 Κ6611616166 6Κ1661616161, 61616 po 61616166616 66166 Pru-
6116 j 1616166 1616166 6616161116 661616616616 61616 6166616 06661616, jak
61161 111166· 66616616. 16166616161116 661161 w (1116116616 66166666616116-
6116, 6161161611 legat Apostolski 6166 611166661616 1116111666 6161
611 do Torunia‚ i 66661616161 11611 661616616666666616, 61611116166161616,
16616161 66166116 1 6161161611 161661 Ρ16611611, 616666 16 611616 616 nie do·
6616166661 116616; 611661666611 6611611666 6116666116 616 616 mogh
(66111666 1661661 166· 6111666 6666666 616616 66166116 1 6166161616 161661116-
61161 616661616111 6611 6666166616 1111611661 6616611). Ν666 6166 1161166111
66116661616116161161666161166116666611161, 111166 6661611616] 1666611
66116 661616. Ρ1661161 661616 11661611 1616116 Ρ16611, Η611161Ρ16-
6611611 6661161611, (161616116616661611611661611,1111116161Ε616-
666166116106161611611, 111161 111661161661661616661166611,16-
166 8116111611, Β6166161 86661161611, 1666166, 1 61616 16666166

 

611666111661661161, 16161616 Prus i Sambii 1666161116, 66166116 1 161666-

666616, do Torunia. 11666 dni 1116661616, 66 661161161616616 11616116

 

 

