11. 1473. 1111111111 111111111111. 555

1111111111 11111 vionti, 111111111111111111 1111111111, 1111111, 1111111111 1111·
1111111 1111111111 11111 1111111111, 1 11111111 111111111111,11111 11111·
1111111 11111111.Ι

(1111111111 1111111111 11111111 1111111 1 (11111111 11111111-
111111, 1111111111111111 11111111, 11111111111111 1111111 0111111-
111 11111111 11111111. bubo 1111111 1111111111 1111111111111 111 11111
11111111 111111 1 11111111 1111111111, 111 11111111 1111111 1111111, 111111
1111111111 1111111111, 11111111111111111111111111111111 11111111. 11111111
1111111111111111111111, 11111 11111111 1111111111 11111 111111, 11111
11111111111111111111111 11111111 111111111111111111111, 11·
1111 1111111, 11111 tu 1 (1111 11111111 111111 11111111111111 1 11111111.

11111111, 111111, 11 1111111111 11111111111111111 11 1111111111 .

Ι1111111 1111111, 1 1111111 1111 111111111111111, 111111111111111111111111111
1111 111111111111 1111111, 1111111111 111111 1111111111 111 1111111111
11111111. 11111 1111111111 1 domu jego 1 111111 11111111, 111111111
1111111 1111111, 1111111 11111111 11111 (111 11111111 11 111111,
1111111 111111111111111111 11 11111111, 1 1111111111 11111111 11111111·
1111 1111111, 1 11111 1111111111 111111 111 111 1111111, 111111 11111111 111
11111111111111111111, 1 111 1111111111 11111, 1111111 1111111 1111111·
111111 11111111. 4Ρ1111111111111111111 J 1111 111111, 11111111111111111
1111111111 111111111111111111 111111 111111, 111 11111111111111111111111,
11111 111111 11111111. Ρ1111-11 111 1111111111 111111111111111111111111,
11111111111111111 1111111111 11111; 11111 11111111 1 11111111 11111111
11111111111111, 111 11111 111 1111111111, 111 1 11111111111111 1111111111
1111111 11111111. 111111111111 go 1111 do 111111 1111111111, 111111
111111111111 1111111111 11111111, 111111111111111111111111111111, 1111 11-
1111111111111111111111111111111 1111111 11111 11111111, 1111111
1111111111. 111 J 1111, 11111111 1111 1111111111111111111111 111111, sam
11111111 1111111 111111 111111111111.

1111111111, 11111 111111 1 1111111 11111111,11111111111111111111111. 11111111
111111111111111111111111111111 1111111111 do 1111111. 11111 11111111
1 811111 11111111. 1111111111 11111111 111111 1111111111.

1111111111, 11111 11111111111111111111 81111111, 1111111111 (Η11-
1111111111111111111111 Ρ11111 1 111111111111111, 111111111111111111
1111111111111111111 1 11111111111111 1111 111111 1111111111, 11111

 

