290 1111111111 111111111111. 111460. ,

111111111111 1111111111111111 1111111111, 11111111111111 11]·-
sko 1111 jego 11111111 11111111 (81111111), 1111111111 111 11 do
Syrmisz (8111111111111111111), 11111111 11111 11111 1 111111.

'roman 1111111111 111111 1111111111 1111111 zo 111111. 111111 1111111111]
111111111111111111111 111 1 1111111111 1111111111.

’.111111 biskup 1111111111, 111111111111111111111111 1111111111 111
11111 1111111111111111111111111111111 1111111111, 111111 1111111111 111
111111, 111111 11111 1111, 1111111111111111111 SS. 8111111111,
1111111111111111 11111111 tego& 1111111111111111111111. 11111111 1111-
11111111 1111111111 111111, 11 111111111 111 111111 1111111, 11 111 11 11-
11111111] 1111111; 11111111111111, 11111 brata 1111Ρ1111111 Mol·
111111111111 1111111, 111111 1 1111111111111 11111111111111111, 111
11 11111 11 111111 1111111 111 1111111111. Ρ111ο1111 go 1111 1111111111
1111111111 1 11111111 Κ111111111 1111 11111111 11111111111. Β11-11 1111
11111111· 1111111111. 11111111 1111111111 1111111111111 1111111 11111,
11111111 1111111, 11111111111111111111 1 11111 1111111, 11111 111111111-
go 1111111111111 1111111111, 1 11111111 111111 111111, 111111 111111, 111-
11111 111 1111111111 1111111, 1 111111111 111111111111111111111 1111111111
1111111111 1111111111 111 1111111111· 111111 11111111111111111111111-
1111111111111111111. 111111 1111111111 1111111 111111111 (111111111-
111111, Ρ11111111111, 1111111111111111111111111, 111-
1111111111111111 11111111· 1111111111. 11111 111 po jego 1111111111-
11111111111111111111111111111111111111111111111Ρ111111111-
111111111111111111111111111111111111111, 1111111, ,111
,11111111111111111 111111 111111 111111 11111111111, 111111111111
,1111111111 111 po 111111 1111111 11111 11111111(ζ 111111111111111-
1111 111111 1111111111, 111111111111111111 11111111 1111111111 11-
1111 1111111111 11111111 Polskiego 11111111 1 111111111 1111111111,
1111111 11111111, 111111011111111, 111111111111111111111 1 purpure,
111111111111 1111111 1 1111111111, 111 1111111 111111 1 1111111 11111
11111111 11111111. W 1111 1111111111Ι 1111111 1111111111111 Κ11111111
1111 Ρ11111 1111111111111111111111111111111 11111111 1111111111
1111111111, 18111111111111111111111 11111111111111111111-
go, 111 111111 1111111111111111111111111 1111111111, 11111 J 111
11111111111111111111. Ρ111111 11111111 1111111111, 111 11111111
11111111 1 1111 1111111111 11111 11111111111, 11111111 1111111111 ’
11111, 111 1 1111 1111111111 11111111 11111111111111111111 11111111.

 

