98 1111111111 1111111010111. ¹ 1. 1152.

ι,10101111 1001101111 10110111.“ 1111011111 sie 1111 1011111111 10 111 11101111,
11111011 1111111111 1110110111 1011110111 1111101111111111. 10101111,111111
0111111101 1111 1111011111 1111111 1011111111, 1 1ο 11111001101101001011-
1101011101110110. ’1110111111 111110 011110 1001101010 1111011· 11111111 11111111,
1110111111111 11111111, 11101111111111111111111111111111
11011. 1111111 1111111101 11011 1111111011 111011111110111 1001111111-
111, 0101111111 1111101011, 111 11111 11101111 w nim 1111111101111101010-
11011 1 1111110111, 1101110100 1111111010 1111111011 1111101111, 1111111011111111
10111111111101111111 jogo 1111111011 010101 11111111, 11011011· 1111011111-
1111111 1110 0101, 101011101111111111 1 1111011111, 1 1110111101111111101
111111011111011111111 1111101111 1 niesprawiedliwe. 3110111011 1101111Μὶ0
na 1111111111 110111 1110111101, 11 oni przyspioszyli 11111111 1111111111
1110111011, 1111110 1111111111 11110111011011110, 111110, 1111011111, 1111311
1110111110 sie 1111111 1111 ich 1101101111. Ze 1111111011 tego, 11111 11111 101111
11111 nimi 1110111101, 10111110111111011111111101011 1011010111, 11111ιί1010
11001111, 11111111, 1111111111 11101 10 na 1111110 1111111, 1110101011111 011111-
11, 1111111 0111111111, 10 go 11100111 10101101 nie mogli.

Bo 1111111111 1111111 11011, 111111111101111011110 sumnila, 11111
1 01011111 vum 1111111101 11111111 1111111111 110111 na 1110111011.

1111101111 1111111011 1111111 11111111 11111110 w 1111111110 1011111111
11111110 0101111111. Βο111010 1101011111 1111111111 11011111 1111111101, 11111
110101111111111110111, 11111011111011111111111, 11· 011011 1111111111-
1111110 1 1111111111 1101110111 01 Polski 0100111111 10111111. 8111111110
1111· 1111111111 1111111011111 11Κ11101011,101111011111101111101110,
1 1111111111 01111111 10111110111111 11110110110101101111011, 11 sie 1011111111
10 11111111, 0111 1111010111 1111111 100110101111111111111111 1111111101 01-
111111111110111111111111111111 1111101111 1111111111 11110101 1 130-
1111101110, 1001111111 1111101111, 11101111 11111111, ,1111111101101 1111111·
,11111101 110111, 1 110111111011111 11101110 100111 0111100111 1111111 Luem
»011101111111 1011111111 10 1111011111 10111101, ’ἰ 111111111111111111111
11101111, 1111011111 1111 1111 111111111; w 1111011111] 1111111111111111,
»111 1111111110 1111111 1110111 110101111011011111.“ Zgniewem i 1111111111
11111111ῃί111 1111011111 1010111110 1011111111. ᾖ1111111101,1101111011111111101110,
„nie 1111111111 1111 10101101111111011 1111111111 01 11110110 10111111 huc 111

11110 1011111111111ι „Uzynistem, 11111, 10110111110111011111111, 101111-
1111111111 0111111111 11 po 111110 11101 11111111. 1101011110ι 1101111 1111111161,
,1110 1110 11111111 1111111111 11111 111111111111.“ Pb 1111111110 1111111111, uum· ¹

 

 

