1. 1464. 1111111111 1111111111.

111111 111111111111111111 11111111 lovem 111111 111 1111 1 111111 1111111
111 1111111111.

(111 1111111111111 1111111111 11111 11111111· 11111111Β1111111,
1111 11111111111111111111111Κ111111, 1111111111111111111111
11111111111111111111 11111111, 11111 11111111111111 11111111 1111111
11 Ρ11111111 111 1111 111111, 11111 11111 111111111111111111. 11111-
1111111111111111 1111111 11111111111111, 1111Κ1111111 1111-
11111111, 1111Κ111111111 11111111110111111111, 1111111111111Ι
11111111111111111 111111111. Po 11111 1111 11111111111111111111 1 11-
11111111, 111 1111111 111111 111111, 1111111 11 1111111111 111111111,
111111111111111111111, 11111111 1111111 11111 111 11111 1111111 1111-
111 1 1111111111, 1 111111111111111 11111, 11111 111111111111111 1111111-
11 11111111, 111 111111111 11111 1 111111 111111, 1111111111 111111
1111111111 11111 1 111111111; 11111111 111111 1 Κ1111111 1111111111
11111111111111111111111111111111, 1111111111 111 01111111-
kim do 111111111111 11111111 11111111 11111111. 1111111111 1111111111111
111111 111111, 111111 11111 1111111111 11111111] Ρ11111, 111111,1Ρ1-
111111, 1111111111 111111111 1111111111, 1111111 11 11111111111111-
111111111; 1 1111111111 111 1111111111111 1111111111, 11111111111111111
1111111111 11111111111111 111111 11111111111111111, 11111111 1111111111,
1111111111 11 1111111111 Nowego, gdzie stogi 1111111 111111, 1111111111
11111111111111, 0111111111 1 111111. Ν1111111111111111111
1111 1111 11111111 1111111111 11111 11111 11111, 111 111111 nie 1111
1111111 1111111111 1111111111111, 111111 111111 111111 1111 1111111 1111·
1111111111, 111111 1111111111; 1111 1111111111 111111111 11111111111111111
Nowogo, 111111111111 11 111111111111 1 111111111, 11111 111111111 11-
111111, 111111111111111111111111111 1 1111111, 111111111 11111· 1111-
111111. 1111111 111 1111, 11111111 11 (1111111111 11111 1111111111
11111 1111111, 1 1111111111111111, 11111 1111111 111111 111111111-
111 1111111 1 111111111 1111111, 11 111 1111 do niego 1111111111, 111-
1111 111 11111111111.

s. 11111. 111. 1111111111.

 

