11461. 1111111111 1111111111111. 309

1111111 1 1111111111111111111, 11111111111 J 11 Ν1111 111111, 111-
11111111 1111111 1 1111111, 111111 1111, 111111111111111111111111111111-
11111 111111, 111111111111 111111, 1111111 1111 1111111111. 1111111111-
111111 1111111111 1111111111 111111 111111111, 111111111 11 111111 11111
1111111111 111111 1111111111; 111111111 11111111111 1111111111, 11111111
1 11111111111111 111111111111111111111111, 1 11111111 1111111111, 111-11
11 1111111 111111111, 111 111111111111111 11 111111, 1111111111 1111111-
1111, 11111 11111 111111111111111 1111 11111. 11111, 11111111111111111-
11111, 111111111111111111, 111111111111111. 1111111 111111111 (11111-
1111111111Ι 11111, 11111111 111111111111111111111111Κ1111111111-
111111 1111111111111111, 1 11111111 1111111111111111, Κ1111111
111111111111111 11111 11111 1111 11111111111111, 111 1111111 1111111
1111111111, 111 1111111111111, 111111111. 11111 1111111111 111 111111111-
111· 1111, 111111 111111 11111111111111111, 11111 11111 1111111111111-
11111 111111, 111111 111111111111. 11111111111111, 1111111111, 11111-
11111111] 111 11111111 11111111, 1111111111 11 1111111111 111111111-
1111111111111111111111, 1111111111 811111111111, 1 11111 111 111-
111 1111111 1111111111111111111, 11 111111 1111111111111111111, 1111111111-
11111, 1111 1 11111· 111111 11111111 1111 1111111· 1111111111 111111, 111111
11111 1111111111 11 11111, 111111111 go 1111 111111, 11111111111111, 11
1111111. 11111111111111 111111111111111, 11111111 1 1111111111111111,
111 11 111 1111111 1111111111 11 111111 1111111111 1 1111 1111111 111111
1111111111, 111111111111111 11111111 111 1111111111111 11111111111111,
1111111111 1111111111Ι 111111 mur miejski, 111111 11111 1111111111, 111-
§cili 111 1111111 1 1111 Η1111111 111111111111 1111111111 111111·-
11111111, 1 11111111 11111111111111 1111111 11111111111111111 1111111111
1111111111. 1111111 811111111(81111111)11111’ 11111 11111111111111-
111111111111 111111. W (11111111 11111 1 1111111 11111 11111111 111111,
111 1111111111 1111111111 11111111111111 11 111111Κ111111111. 11111111
111111 111111 1 1111111 1111111111, 111111111111111111111111111111
1111 11111 1111111 Κ11111ό1 1 Ρ1111111, 1111111 81111111111111-
11111111111,111111111111111111111, 111111111111111
1111111111111111111111111111, 1111111] 1111111 11111, 1 Η11111
111111 (8111111), 111111 (1111111 11111 1111 111111111111111 111111.
1111 11111111111111111 11111111 11111111 1111111111111 11111111, 11111111
111 111111 11111111111 11111111 1111111111 11111 (1111111111, 111111

11111111111111 111 1111111111 11111 111111111111111111. 111111111111 tego
111111 Κ111111, 1111111 111111 11111111111. 111111 111111 (11111111
11111 111 11111111 1111111111, 1 1111111 1111111111 111111111111111, 11 ¹
111 111 11111111 111 11111111 teki 1111111111 111111111 111 11 1111111. 81111

 

