91463. 9999999999199999919999. 351

9999999 9199919191 99 19191 S. 19911991999, 991999 99919999191911999-
9999199 99919991999999 99 9999999 Ρ99919; 9 9919199999 991 9 99199999
1999199119 91919 919 999991991199 999919 9119119 99 99199191919999 199-
9191911999 legat 9. Do 1919991919 go 9199 9 1119991 9919, 991 9999911999,
9911119 919991 1999191919 99919911 99999 9999919199111 9199999111199999-
99 Κ9991991199, 9999999999 999191 1991919191911 9999999191191199199
Ρ91911999. 1999919191999 99119 99999 99199 99 19191 S. 191919119
Ρ19191999. 1191119991 99991 S. 1919999919 191199999999999 9Ν9-
9999 9919919, 9999191 19 1199919919, 91919 99999 191 11119 99199191
9191999991; 1919 99999991999 99111999, 9 Ρ19191, 999919119 Κ991999,
1 19 99999 191 9999991919 9991919991; 9 991199 191919991999 11999919 999-
1919999 Κ99119, 999119 19999 9191919 19 1111911199 191911. 199
19191919119999999191191199199 Ρ91911999119111989911919-
99911 899199199911 9991991 9991911 19 199919 1999191911999 Η199991-
999 99991191999 199191911999 9 9999191991999 1 999119, ,919119199
,9191999 99 999999199 1 9919919 1999119 9199191, ng 191999 999191 91
,19999 991191 99 9919999 9 1199191, 9999999 991 9999999199 9991999999

,99 Ρ9999119, 991 99199991 19 9919, 991999919999991, 911999 9 99999- . ’

,91199191 1 999111919 91919191919; 91999119 9 91191991 9919999991 91199-
,9919991 99919991 99999191119911 1199919999911, ng 9 119119 91999991 19 J
,99191999Ρ99911999, 11199 Ρ91999 99999911 1 999911 mu 9919991, 99191
,919 991991911999 9199999999 9 999199911199919 9191999199 99919991999991-
,9199999991 (119 9199 99999991 99919919 191199999 99991911 19 1199919919,
919991919 9919919 99999911 191 9 99919 919119. Legat 991 1999191911 Η1999-
9199,9999919919919 999919199191199911999, 999919999999999, 19999999
J'ego 999919 99 999, 99991919999, 99991999 mu 99999 9991191911999119119-
111199 9999919 9991919 9191 991199991999, 9991919 999199991999 919 9999991911-
9191. W odpowiedzi 99199 19 9119999· 999999, 9191919991, ,19 919 9999919919
,1999999199 999991 j0g0 9999199, 919 9191999 99 Ρ9999119 119199 91-
,,,9919991 19 99991919 999991119 1999 191919199 991919 9 9919919 9 999919 99-
,1999919 9 99119, 9 1119199 9999999191 1919191 991 999999919991991999-
999991919199, 999 9911111991 1999999191 11999999 919 99119 9999
,19199 19191.“ 119 99199119 99919919 191199999 991199 919191999919 919
99999191,1999999199919111, 19 99 19111 9 819999 91991 9 nim 91199-
191, 9919999999 9 9999 99999119 999119919, 19 99999119 919 9999919119 919999
91191919 9 9991999999· 91991991 1 999991999919 9999991919 919 9199919919.

 

