11. 1461. 1111111111 11111111111111. 433

1 1111111111, 1111111 1111111111 1111111111 11111, gdy 0111111111
1111111111. W 111111 11111 11111111 111111 1 1111111111111111 IV, 11-
11111111111111 1111111, 11111111111111111111111111111111
1111111111111111111111, 1111111111 11111 11111 11111111111111111,
11111 111111 1111111111111, 1111 1 11111111 11111111, 111111 111111111111111
111111111111111111111111111 alo Κ11111111Π 111111111111111-
γ1111 111111111111 11111 11 1111111111111. 1111111111 11111 tego 1111111 1 11·
111Κ11111111 111111 1 11111111 (111111111111 1111111111 111111 1111-
111111111, 1111111111 1111111 11111111111111111111111 111111 11111 111 11111-
nmio, i 1111111111111111111 1111111111. (111111 1 111111111111111111
11111111 1111111111, 1111111111 1111111 11111 11111111, 1111111111 111-
11111111 11111111111111. 1111111 1111111111111111111, 11 111111 1111111111
Ρ11111111 1 1111111111 (11111111111111 11 1111111111 (111111111-
skiego 1111111, 11111111 11111 111 11111111111111 1111111111111111
111111 1111111111. “
W 11 1111 11111 1111111111 sie 1111111111 S. 31111111, 11111111
8111111111, 11111111 1 11111111 1111111 01111111, 1111111111111111111111111,
11111 1111111, 1111111111 111111 1111111111 ,111111111111 1111111 1111111-
,11111, 11 1111 1111111 11111111 11 111111 11111111. 11111 11 11111111, 11
,11111111 1111111111 11111111 111Κ1111111, 11111111 1111111111 11111111
,111111111111111 Ale 11111111111111 1111111 1111, 1111111111111111
,1111111111 0 1111111111 1111, 1111111111 1111111111 1111, 111111 1 11111111
,111111 1111111111 111 11 11111 1111111111111111 1 11111111 11 1111 1111.
,0111111111111 1111111, 1111111111 111111, 111111111111111 111111. 01-
,11111111 11 8111111111, 1 111111111111 111 nich 1111111, 111111111111
,1111111111 1 111111 111111 1111111111. 1111111111 111111 11111111 11-1
„lu, 11111 111 111111111111 pola 111111 dumio i 1111111111 11111111111111.
,111111 1111111111 1111, 1 1111111 1111111111 1111 1111111, 1111111 1111111
,1 1111111111 1111111111, 111 1111, 1111111111 1111111111111111. 11111.1
Ζ111111111111111 S. Β1111111 1111111111 111 1111111 11111111 1111111111.
Κ11111111111, 1111 1111111111111111111, 111111 111111111111111, 1111111-

1111111111 1111111111111, 1 1111111111 Κ11111111 1 11111, 1111111111
11111111 1111111111.

1111111 1111111111 111111, 1111111111 1111111 1111111111 1111111 11111111
1111111111 1111111111 11111111.

’11111111 11111111111111 1111111 1 1111111111, 1111111111111111

ilo 11111111 11111 11111111,1111 1111111111 ,1111 1111111111111111111,
J. magon. 1111111 vohun. Κι. ΧΠ. ’ μ 55

 

