99999 999999 9999999999 9999999999999199 (9399 999 999 9999999999 99999 9
9 93999999 99999 9 99999993 9999999999 (9999999999 9 99999999 99 9999993 999
9999999999 (9999999999999 9999999 9999999999 9399999999999 999999
9 -99 9999999999 999999 9 ’9999999999 99999999 99999 999999 (9999 9999
9 99 9 99999 (99999999 9399 99 9999 999999 9999 99399 99· 99 (9999999991 99999999
ἶ 9999999999 93999999999 999999999999 999999999999999 99999999999999

93 99999 99999 9999199 999999 999991 999999 999999 999 9 9 ί9999999999 9999999
9999999999999 9999999999 999 ξ9999999999999 9399999999 9999919399

9 [9999999999 (9999999999 999999999999991999 999999 9 999 9999999999 9 9999
99 99999999 9999999 (99999999 999 999999 9999999 99999 ’999999 9 99999999
9 9999999 99999999 [os 9 9999999999 9 ι999999 99999999) 99999999 99999 999999
9 *9999999 [999999 999999999999 999999 9999999999 9999999 93999999 99 ι99999999
99999990 ,,·9999999 99999999 999999 999 99 9 99999999 9999 9999 9999 p0“
9 9999999999 9399999999 99999999 ι99999999 [es 9 ι9999999399 999999 1·“
99999999 od 99999 ι9999999 9999999999 ξ999999999 9 99999 99 9999999 99999
-9999 999 9999 9 9999999999999) 999999999999 99999999991939999“
ἶ 999 9 999999999999 9999999999 999 9 99999999 9999999999 99999999999 99999
9999999999 99993 9999999939 9999999 999999 999 99999 [99999 999 99999 999999
99999 ’9399999999999 9399999999991 9999999999 9999999999 9999 9399
9 9999999999 9 ι99999999999999999 999999999999999 99999999999 9999
9 -9 9 9999999 9999999 9 93999 99999 9999999999999 9 9999919 9999999991 99999
ι -99 “999999999999 99999999 9999993999 [9999999 999999 999999
Ι 9399999 999999 939999 99 999999 99999999 9 9999
ἱ -9999 9999919 Ι399 999999 99999 3999999 999 999 99999 999999 999999 9 999
-999999 9999999 999 (93999999 999999 99 9999999 99999 9999999) 9999999 9399 9
99999999999999 9999999999 9999999999 9 9999 999999 99 999 99999
-9999 99 993 9999 ,9999999 [9999999 9 999999 ι999999 9999999 9999999
999999999999 9999999999 9999 99993 99939 9999999 999 99 ί999999 99999
9999) 99999999 999999 9999999 99999 999 999999 ’99999999 (9399999999999ί
f 9999999999 93999999) 99999999 99999 ’999999939999 [9999999 9999999
9999999999 9999999 9999999999 9999999999 99999999 99999999 99 9 ’99999999
5 9991 99999 99999 9 99999 ι9999999 9999 ι999999 9999999 9999999999 99“ 99999999
J -999999 ι9999999999 [9999999999999999999 ,9999999999999 99999
¹ 9999999999 9999999999 9 9999999999 99999999399 9 99999 999999 9 999 Rq&
*999991 op 999 99999 ι99999999 99999 99 9 993 9999 9999999199 9999999 999 9399999
39999ίί 9399999 99999 99 99999 9999999999 99999 9999999999 999999 ’9999999999 9

ofioulswd 99999 9999999999 99 9999999 9991 9999999 999999 9 (939999 ’

-9999990 9999999999 93999999 99999999 9999 ι999999999999999 99999999
9999999999 [999999 ’9999999999 99999 99999939999 999 9999999999 999991
99999999 999999999 ef 99 (9999999 ι9999999999 999 [9999999999 9999 99999999

’9999 99 ’ 9999999999999 9999999999 999
y .

 

