000000 0000030οΙ po 0000000000 03 00 6000000000 00000000οἾ 000000 00000000
000000000000001 03000 000000 ,00000000 3000000003 [0000000 ‘emsa 0 0 (00000 000001
-00 0000000 0 00000001 000000 000000 03 000000 ι0000000000 0000000000 000000
0000000000 0000000000 0000 00000000 3003 0000000000 00000000 0 00000 000
03 0000001 4000000 000000 00000000 0000001 0 00000 00000 ξο0000 000000 00 000000
-0000 000000 000 00000000 (0000000 0 0000001000 0000000010 0000000000ορ 000000
ι’000000 0000000 00 030000 0300 000000000ῐο 0000100 ι000000 00 000 0000
-000 ’00000000000000 0000000000 0300 00000 00 [000000000000 0000000 00000000
00 ί0000000001 00000 (0000000000 000000 00ος ’0000000000 es 0000000000 000

“ 00000000 000 000000 0000000 0300000 ι0000000000 0000000000 0000000 00 00000000

0

00000000 0300 0 0 ι00000000 0000οΓ0 0 00000000 0000 ’0000000010 0 00000000000001
op 0000000 0000 030000000οἾ 0000000000 000000000οΠ (000000 000000 00
000000 (0000 11111 000000 00 00000000 000000 000 00000000 0300000 ((0000οη
00000) 0000000000) 000000οῑ 0 000 ι0000000000 0000 000 0000000 00 ‘Sum
-00001 000 0 ι00000000000000 0000000000 0000000000οη 0 ι0000000000 0000000000
000000 00 000 0000000000οᾶ op 0000000000 (0000000000 000000000000000 00001
600000000) 00000 00 0000000001 0000000 00000 03000 00 ί0000000000οῑ ’000000 00

0 0000000 0000000000 000000 600000000 00000 0000010 0 000000 0000 0 (03000000

0000000 0000000000 0000000000οι 0 0000 00οΓ 0 ι0000000000 0000000000 00
03000 (0000000300 030000000οἾ 0000000000 0300000000 0003000 uss *00000
-000 000000 00 ί00000000 0000000000 00000 0000000000 000000 0 0000 00 0 *00000000
[0000 000 000000 00 (000000 0000000 000000οΙ 00000000 0000000 [000000 0 000

0 ι0000000 000000 00000000 0 000 000 3000000 00000000 0 00000000 0000 0000000000
0000000000 00000 00001 00 (00000 0000000 ι00000300 000 [000 0000000 00000000

00 0000 00000000 0 ι0000000000 00000000 00000000 0000000 0000000 00 ι00000000
00000100 000 00000000 600000οἿ 000000 op 0000000000 000000000000 0000000000
0000000000 00000 0000003 ι00000000 03 000οξ (000000000001000000 00000000
0000000000οᾶ 0 000000 0 000 000000 00000000οΊ 00000 0000000000 0 0000 000000
63000000000 0 000000 0000000000 000000 00000000 00000000 00003 00000030
0000000000 030000000000000 0000000000 00 ι0000000000) 0 0000οΙ 0000000 00
000001 03000 0000 00000000οἿ 000000 0000000000 000 0000000000οοοῙ

’00000 0000000 00000000 0 0000000000 0000000000 0030000000 0 000000
[00000000 0000 00000000 3οι 000000000οι 0000 03000000000001000303000 0000000000
00000000 0000000 00000010 ί030000000οΊ 00οὅ03000 0000000οι0] 0000000000 000000

’000000 000 00000000 000000 0300 000001 0000000010 0 00 (0000000000 0 (000000
0000 000000 0000000000 ἐο00000000000000 0000000000 000000000οο00 00 00000
0000003 (0000000 0000000 0 0300 000000 (0300000000000000 0000030000 00000

pm 311 Ι ’0000000000οε 00

 

