Β. 1475. 00000000 0000000000000. 581

100, 010110 0 razu 00101011000000οε 00010001 000 sam Stes 00 000110010
000011οἰ0 0 00000001 100100, 001 00100010000001 0000000, 000001110
0000110000, 001000 10010 Pana Baga, majac 0010000 0010000100οἰ 1001000 10-
dai, a 0010000 010001 00000 0101000 0110000, 001001 00 0000010. Ν10 000010010
go 000001 w 0001010 0000100100, 00000 001000 001 1001000 010010 000011
0 00101000100 0 0110110 1 0000010; 0 00 0010 1000 00001 0001000, 0100111
1000 0000100100 010 00101 010 0000000000 0000, 010 0000000 Βο00, 000
0 000000 ’000000 0000000 000000011, 10 0000100100 01000 0010 0001001000
0010100100000010 10110 Baga 0000000; 00000 10110110 0010100000 00010
1 010010 00000000. 1100010 Stefana 010000110 010 010100 1000001 0001010-
001 0 010010, 0001000, purpurae i 1001001. 1100001110 00011 Βο0000010110,
110001010 0000010 00100100, 0000110 000 0000 010000. Wialu 0110000
0 01000001 0010010100 001100000 0 000010 000001000000100. 11010110010 100-
100 0001010 0010000 010 00100010; 10 0100101 010110000 00000 0000010 00-
0000011 010 01 00 1100000, tam iah 11010000 00 0010100001 1001001 00-
00100000 001001010 0110 0 00000100110. Κο010 10000110, 1010010 1 sami
0000000, 0100000 1010 0001000; 0000011101001000101100100100110, 00000
11000 ’.10000 001011 00000100010, 000000 0000000 810100 00000000 000100
0001000001, 00 000010οο0 0000101010 01000 0000 0000100100. 11000011101000-
0101000000 100001101, 00000 0001 0001001100001, 00 0010 0001100010-

001, 0 01010 1010000110. 1000010100 000001 0010010000 1000 0101110 10001

10001101, 11000 01000 0010000000 0010010000 1000 0 000100100000 001001 00100-
0000100010011000 00001001010. 00100001 001010000001 0000000 100001101,
100000100οἰ 00000 01000001, 101010 10001000οο1 00010000 Stes an 00000000
Μο1000011 000101 00000 00010011001 1000000 000101 Κο01001000001
100100110101100000111000, 0 00001011100001000, 010 00 010 000-
0000001, 1 101 01000000 1010000110, 101 0010100οο 10101000 010 000100101
w 010100010000001010, 010000 0000101 0 000000 00000 sila 0100000, 0100100001
11000001 000010 0000000001, 00000100 001100001 1000011000, 11000 0000010
00100000110100 0010000 000000 110011, 1 0000 0100001100 10000 0000010 000110,
010 000001 0000100 00 010001 1100110 0, 010 0000000ἰο 00 01000 10100, 110-
0000 00100 0010000 010 00001. Κο01001000 1001 0000000000 01000010 01000- .
0000010 101 00000100 010 010110 1 00000 1001001001001000 001010 0100000100-
011000, 01100101 Βο00 000000010 011000 100101000010010 00 0000 011001001010
110010, stef 00001 000 0000000010 000000011 00000 0000 000100 010100
00000 010000 1 0100100000 000000. 101000010, 01001011001000 00000101001000,
101 mala 10001 0000110, 000 0000001000 Stefana 00000000, 0010οἰ000 0110
0010100οο 00000 1 000000 00000100110, 11000 0001000 00010 100010100101
0010, 0 10100 001001000 00010 100001 00010010, 10 0 1010000100 00000010
000001110 10000 0001001010 00101 0000000 101 100101010 00111000 000010 00001

 

