36 1111111111 1111111111111. 111441.

,111111 11111 11111111111 111 111 11111.“ Ροο111111ε ,Κ1111111111111111
,11111111 1111111111, 1111111111, 1111 1111111111111111111111111111 1111-
,11111111 111111, 111111 1111111111111111111, 1 1111111111 11111111 11111-
,1111 11111 1111111111, 1111 111111111111111111111111111111, 1111111111
,11111 111111111. 11111 111 111111 111111 11111 11111 111111111111111 1 11-
,11, 1111 11111111, 111, 1 11111111] 11111111 111 1111111111. Κ11111 1ο
,111 1111111 11111111111111, 111 111111 11111111 111111 111111 1111111111,

,111111111111111111111111111.“ Po 111111 ,Κ11111111111 11111 1111111 11111111, ὲ

,1111111 111111111, 111 111111111111111 111111 11111 1111111111111111-
„jowca0h‚ 11111111111, 1111111111111111 1111 11111111 1111111111 albo
,11111 1111111.“

11111 nanim, 1111111111 1111111111 11 11111111ιί1 pm 1 1111111111 111·
1111111, 1 111 1111111111 111 11 1111111 1111111 1111111, 1111111111111111
11 111111.

111111111111111, 1111111, 1111111 111111111 11111111 1111111 111-
sili 111111 Κ1111111111, ,111 1111111111 111111111111 111111 1111111111
,111111111111 11111111111111111111 11111111 1 111111111.“ 111111, ,11111-
,11111 111111111, 111111111111111111111111, 11111111 1 Ρ1111111111,
,11 1111111111 P'01skiego 111 1111111.“ 11111111 111 1111111 111111111-
111, 1111111111111111 111111 1111111 Ρ11111111, 11 1111111111 Ρ11-
1111111 11111111, 111111111111111111. 1111111111, ,111 1111111111 11

,111111 11111 1 11111 Polski kilku 111111, 111111 1111111111, 111111

,1111 111111111111111 1111111 111 1111111111Ρ111111111.“ 11111111, ,111
,1111111111111111111 111 111111 111111111 Β11111111111, 1111111111
,1111111111111111111111Ρ11111111111111111111,1111111111111-

,11111, 111111111 1111111111111 1111111111, 1111 1111111Ρ11111111 κ

,[1111111111.“ 1111111111111111111111111, 11 1111 111 1111111 1 1111111 111-
11111111, 1111111 1111111111111111111, 111111 1111111111, 1111111-
gnieniu 11111 111 1111 111 1111111111 ,11 11 1111 1111111111111111 111
,11111111 1111111111, 1 111111 11111111, 1111111111111111111111111111-
,1111111.“ Α 1111, pogardziwszy 1111111111 111111, 1 1111111111111111111-

111111· 11111 1111111111, 1111111, 11111181. 111111111111, 1111111 1

11111111 11111111, 1 1111111111 1111111111111111111111 1 1111111111. ’111-

1111111 111 111111, 1111111 1111111111111 1 11111 111111 1111111111111 ¹
sprawy. Ρ111111111 1111111111 111111 1101111111, 1111111 1 1111111111,
111111111Κ1111111111, 1111111111 1111111111, 111111 1111111111-
11111111111111111. Ζ 11111111 111111 1111 111111 111111 11 111111.

 

