11111 1111111111 ι11111111 111011110111 11111 ι1101111011 011111111
111111 110101 1 11111 1 1101111111 0111011 (1111111011111011111
-111111111101111111111101111 111101· 111111 1 1111 1 1111111111 11111 1
111 1111111111 01 11111101 11 1101111101111 1 0111111111011 110111
-01 1111111111 1111111101 111111101101111 1101111111111111111111

11011101 1111111
1111 1111111111 0111111011011111101111111 011111 Ι11111011 11111111110111
11111111 11111111111111111 ’11111011 01 011101 11111111 1111111111 11111

’111111111111 1 11110111111111101
110111111111 (1111111101 1 111111111011111111 1111111 (11111111110111111
1111 11111 110111 111111 011111 111 111101 11 (1111111111111111 1111111 1
11111 111 (1111111111 111111111111111111111111 (11111111 (1111111101 (01
0111 (11110111 10111111111111111111111101 111101 11111111 11111 111111111 01101
11110111 1111111111 11111111 11110111110 111111 111111011111111110111
11110111111111111 101110111 1111111 ’111111 11110111101 1101111111111011
11111111111011111111 (111111 111 1111111111111 1 1010111 111111 1111111 1
ι1101111110111 1111111101 11 11101101 11111011 11111 11110101 1111111011
1111111111 (1111 1111111111 1111101 ι1111111111 011111111 1111111 111111
-1111 1011111011 1 1011011111111111111110111 1111111101 1011111111110
11011 111111110 111110101111111111111111111111111 11 1111111 1111 1111
11111111 11111111111111110111111111 111011101111111 1111 11111111 1
1111111111 (1111101011 1111111 111 1111111 ι11011111101111111111111 ί1111
1111111111 1111111111 έ1111 10111 11110111011111111111 111101111111 1
1111111111 1111111101111111111111110111111 1111 0101 1111111101
Ι 1111111111 11111111 1111111 111011111111 111111111111111 11111 01111
-11 11111 ι11111111110111 111111 111 ’111101111111111 0111111111
11111111111111 1011111 11111011 1 1101111110 1111111111 11 11101111 111 1
(111 11111101111111111 11111111 111 ι111111 0110111111110 011011 1 11111111
01111111111111111111111 (111111 1111011 1111011111 1111111 1111 111111
-1011 101 1011111 1101111111111 11 ’11111111 1111111 11110111 1111011
111111111111101 1111110 ι111111110111111111110101101 ι11011111
-111 11011111 111111111 0111111111 1111111 1111111111 1011111 1111101
1111111 1111 1 (111111111111111111111111 ι11111111011 111101 1111101111
11111111 11010110 11111111 11 1 0111111111 1111 1101111101 1111111111 ·
-1111 111110101 11111 1 1111111111 11111 1111111111110101 111 1111
ι111111111111111111111111 ι11111 1110 111101 0111 11111101 111111110 ·
-111 111011 1111111111 1111 ξ11111 1 11111111 111111 111 *11111 01111111

19 1111011111 1111111111 11111 1

 

