W ’0101009990 [oua ’9 809 1

’0009009 0900090900 09 0900900000 00000 9
99000900 99900 999900 9990990 0 90999 ι0909009 9090 90090990099099 9009
-009 990090909099 9909909000 0399 99909 99039909 9009009 009 00 900 00
00000 [90000009 03090 0 0 (9009090090 9909 0900090900 990909 0 0909009000
0990099909 ι9009090 0909009 09099990909 90 909 9909000 090000 900909900οι0
909 9909 ἐο000090909099) 909999099909 99090999 9009 00 909 00999 0909
-090990 9009099900 90 09909 0900909000 99000999 9 99009 ι9909099)
ί0909000 0909 9009099099οΗ 9009909 909099 0900900 09990 090990
039990099909 090090 09 090900 9999900 0000999000 9999090090 9 900900 9000
’ -09 9 090990 09990900 0990090999 0900000900 090090 9 0900 909009 99900900
999990 099 090900 9000090909 0900900 900993 0909 90090990 ι990909 99909999
0099993009 99 309999 9 90009 ι90900999 0900900 900993 0909 00090090
-90 090900 090 0900099 0 ι0990900 0390090990 999090 0909 90009900 9909 0909
009999 99000990 90900 090 ’00990099909009 0099 9 ξ 9099009909 900900 9 09909
093099 9909009οο 00 (9000099900 00909909 09 900900 9 0999 9999900900 99
90099900 909 0000 99900 (090990) 0090000090 99090 090990 00009 9990900 ι09009909
009039 000900009οο0 ι9009099 0909009 090 9009 90909999 03099 999900 99 60099 090
0000900000 0999090090 990099909099) 093 9 0009009900 0000009000 09909
9909909009 00 03909090990 0999009 039090009 0099909099 90 0099009 0009
-0909 ι090000 00990 99090990 90000090 9900000 ι0909099) 0 09909 090900
9099990909 909 99909 090900 9900099003 9000009000 00090 093 (999000 9009000
090 09090909009 9009000909 0909 9909 00090099 00000 900 90 90000009 9
9009099009 900000 9 00090099 9999990999οᾶ 99 ι09009990 090000 909 090 99
090990 0990090000 9999990 9900090 9 9009099 0 00099909 90999 ι00090 90090
-090990 099000 ι(0990999 00009 up) 000099 00009 0 00090909 9909900909 0909
09000999 039999909 0909 093 (0099 009 909 ’030090090099 0 009999 9
00 0999999999 0 93009 0 ι0909099) 0 09900 99009 0099000990οΗ 9
99999 0 009900 909099 ’9900009000 03 990009 009900 09900990 90 9 099009
-9000 0390 00 09900 0 90 999000 090999 ι0090909099] 9000909090 90990090
03000 09909 990000 990 9 099090909 9999900900 900000900οᾰ9 9909909999
0909909 99 9 990009009 99 9990 f ι9009099 0009 9900000009οᾱ 03 99993
0909099) 0900900 039990099909 03900 09 9090900 0090990000 0999909009
0999090900000 099990 9 ι009099 9900009 90990909009 09099000 99099903 0 ‘no
-90900099 9 od 99000900 ι99900099 90 0900300099 ι099099 ι90099
99900 ι00090999 09 0900090990 0009909 09999999 0 (0999003909 9
09000909000 09000999 039909909 0909 0009 09 090 900900 ι0039990909
009099909 09900990 9 9000000 ι9000909000 9000009 9 0000 (000099 0909 0 0099
-990000 0909099 0909003909 0 9 09090 0099009 909) 00009 09 0900090990

080 ’0099900000000 9000009000 9999 Ἢ

 

