11. 1463. υ 1111111111 1111111111111. 355

111 11 1111111111 1111111111 11111111. Za 111 1111 11111111 1 1111111111
1 11111111111111111111111. 8111111111 11111111 111111111111111 111 1111, 1111-
11111111111111 1111111111. 811111 111 1111111111 1111111111 81111-
111111111111 1 11111111 111111 11111111 11111111 podskarbiego 111111·
1111 1111111111.

1111111111111111111111111111, 1 joj 1111111 w 11111 11111111 11111 1 ogm-
mm 1111111111 11111111 1111111111 11111 1111111111. 111111· 1111 1111 1111111111
11111 11111111 1111111111] 111 111111 1111111111, 1111111111 111111 111111.

W 111111 11111, -z 1111111111 1111, 11111111 111111 ’11111111 11-
11111111 11111111 1 1111111 11111111 11111 1 111111111111 111111111111111·
1111, 1 11111 1111 1111111 1 111111111 1111111 1111· 11111111, 11 11111111 111·
1111 1111111111111111 1111111111 1 1111111 111111 1111111 1111111111111,
11111111 1111111 111111 1111111, 1111111111Β11111, 1111111111111111
Slowiafiskiego, kt610g0 1111111111, 11111 1111111111, 11 1111111111
111111111111111111111, 1111111 111 11111111111111, 11111111 1111 1111111111111,
11 11111 111111 111111111111111111 1111111 11111111 1111111111 111111111111,
1 Β111111111 nieprzygotowanych do odporu 111111 11111111. 111111111111
11111111 11111111 1111111111, 11111 111111 1 11111111111111111111. 1111111111
1111111 1 1111111 tego kraju, jakkolwiek 11111111 1 1111111111 1111111, Tu-
1111 111111 1 1111111111 1 pod 11111111111111 1111111111 1111111111 i· 11-
11111111111111 111111 11111111, 1111111111111111 111111111111, 1111111111
1111111111 11111111 1111111111 1111 1111 1111111 11111 1 1111111 1111111111.
1111111 1 1111111 11111111 111 111111 1111111 1 111111 Β11111, 11111 ,
1111111111 111 1111111111111 111111 11111, 1111111111 11111 1 11111111 11111,
1111111111 11111 111111 11111. 1111111111 111111111111 111111 1111 1111111
111111111111 111111, 11 11111Β11111111111111111 11111111, 11 1111111111
11111111111111111111 111111111111. 11111111 je 11111111111111111, 111111
11111111111111111 1111111. 1111111 Β11111 1 111111 1111111111, Β111111111,
11 1111111111 11 plen 111111111, 1 111111111111111 1111111111111111] 1111-
111111111111111111 1111111 [1111111111. 1111111Βο1111, 1111111111 11
11111111, 11 majac 1111 1111111 1111111 11111 11111111111111111 1111111111 11
11111 111111, 11111 11111111 1111111111111 1111111, 11111111 1111111111
1 1111111 1111111111. Κ111 1111111111 Μ11111, 11111111111111111,111111
1111111 111111 1111111111, przy pologu 1111111, 11111111 1111111111
1 11111111111111111111Βο1111, 1111111111 1111111111 1 1111111111 11111

111111 1111111111 111 1111111, 111111 111111111111111111111 111 11111· 1

111, 11111111111111111111 11111111 11111111, 1111111111 11111111 1111111, aa·

 

