444 1161111116 1611161661. 11466. ¹

66 na 16111 1 rozbojo. 1666 1616 16161611 111661 i 66661- 1
16611 16161116, 61616666666611616111616 6166611 616161 1616661, 1 natm·
66666661616 61611611 611661616161166, 6 66 166611611166666, 161116166661 ,
61616 Β66116 1 16161116. 116161161161161661116161 6166 6166661166, 1111616
616 6661666161 11616. 11616166 616 6661611, 666116611 11611611 61661111,
» 116166111611 611116 6116116111, 61116 661166 1616111666 616161611, 1116
1116666 616 6616611 661661611611 661616, 11166611 1611616166 1166616,
661666 16116 16 6166661661 616 66161611. 1666 61161 116 616161616 6666161-
666161161161 616611616, 661161 166666 616616666111611. 016 1616116666 616
6 66661161 1616616161161 616161 1 1616661 Β66111, 1161611616 616 616
1666661 66611161 11616 11161666, 611116161616 66166 11616611 6166116661
116 6116616 1611616 16611 616666111 1 6161616111, 66116116 1116 6611666
166 11611; 116 661161616161116111 161166 6616166616 166666 1666611161,
1616611 11616116116, 16 1111666 1611666116 116616 161 116161 66111161
1616 616 16161166 6616116611 1 6161111661, 11166111 661611161161 111166
6116116111 16666616611661611 6616666161; 6 66616111 616, 6111 6666 6661, 116
616616. W 1161616111 1166111 1666116161 66161616 11616 16666116 1161
1 61661166116, 1 116161 66 6116616161, 11116161166666 1 1611161666, 1666
11116116666 66616611. 1116111166 1611616611 11616116 6611666161 116166, 616
66 6611 66116 61661166666611. Za 16 61161116 11161616116166161666661166
111616 1661616111, 611666616116666611 661616116 1616116 1 6611111616. Sani
6616166616 16166611 1616 16 616116, 111 16 61166 6616161166. 1111611 16161166
6661161 1 161616161161, 6 1166116 Β666 1 11161, 1661616111 16 tego 61611
66161116161, 11116· 6661 111611 1 11166 111661 116 1616. 111161 1666 616666
166666 161116161661 1661611661, 116 6611611611 1616, 16 w 1111 661616-
66161 11111 11616 6161 116616 6 1661116666666 66616116. (16, 661 11166161,
6161 6661616116, 1611666 1616 616116 616 61661111616, 11666611611611 16
Ι 16, 616 116 6 111111 616 6 66611611 16661 1611 16161611.

1116116 161666 v 161666. 16166 1111 116111 61161 16116 16661616 6111611
1 6666111616116661111 61661616, 6 6111611 61 pannosum 1616611
1116111611

1161 161 1161616111 1166161161 161 1 661161161. 116616 161161
Ρ11616, 161 111616 1166161616 bez 1616111 1661666 616, w 161 1611 1161·
66616 6661616, 1 616161661161666161161111661 1611116611 1111116116. 116116
16161616616, 111616161616, (1161111616 1 Ρ6161616, 1611611616
111166116Ρ61611666. Ρ1166 6616666166 161616 6666616 666 1161161161
1161616661666 616116 116611161166 161611616661666Ρ1166, 1616

 

