-nmfvuzo 9999999999 [99999 99999 9 9999399 99 99993 999 (999999 9999999“
-999 99 9993999999 99999 999 ί999999 9999999 999 (999999 999991 9999999999α
-999 999 ’99999991 99999 999999 9 9999999 9999999999919 999999 99999 999999999“

-999 99 9399999 pod 9 ι99999 99999 99999 99 Ἱ999999ΙΓ99 99999 9999999919(6 ’

9999999999- ί99999) 999999 9999999 9999999 999999 ξ9999999ο9) 99999999999“
99999999 po ι999999 9 9999999 9999999999 99999999 asos 999999 9999999 99999“
9999999 99 6999999999199 oz ι99999999 9999991 9999999999 9 wem& 999 999999“
-99 9999999999 9 9999 99 &W ι[9999 999999 99999999 9 999999 “9939999(Ιε9“
99999999 [99999993 5999999991 9999 93999 9999999999999 9999 99 999999 9“
99999199 9999999999 [9999999999 999999999999 99999999 9999999999 9 99999 9“
ι999999 999 99999999 ι(9999999999) 3999 ’99999 Ὗ99999 9999999999 [9999999“
-9999 9999999999 99999 9999999991 999999 9999999 999 99999 und 9999999999) 9“
{mom 999 9999 9999 99 999 sowa 2 99999999
9999999999 999999999999 9 9999919 9991 9999999 99999991 9 999 99999991 99999
93999999 99999 99 (9999 99999 99 99999999999 (9999999 99999999) 9 9399999
999 9999991 9999999 999 999 999 93999 9999 999999 999 99999οᾶ 9 99999
,9999999999 99 99 ι99999 9999999999991999999 99999999 999 9399999999 999999
-999 op 9999999 9999999991 999 9 999999 999999 9999999999) 9 9999999
-99 ι999999 9999999 999999 999 M 9999999999 9 99999999 9999999999
9999999999 od 99999999 999999 999999 9 9999999999 9999 999999 9999
99993999 99999999999999 ι99999999 99999999999999] ι99999999
9999999999) 9999999999 99999 999999999999 (99999999 9999999999
{up 9999399999 999999999999 ’99999999 9999999999 9999999999 9 99999
-9999 (99999999 9 (9993999999) 9999999999 (9399999 99999999
9999999999 99999999) ’99999 9 999 ,99999991 9999999999 999999 9 (9999999 99999
[9999919 9999999999 9 *9399999999 9999999999 9999999991 9 9999999999 (999999
ί9991999999999999 999999999999 9 9999999999 op 99999999 9999999999 999999
-md 9999999999 99999999 9999999999 [999 9999 ι99999999 9999999999 99991 99999
-999 op ‘¹¹¹⁰l⁰!⁰!⁰ffl³{ss 99999 9999 9999999999 99999999 99999999 9999999999
9999999 op 99999 999 999999 9 999999 999 9999999999 999 9999999 nmotu¹
99 9 9999 999999 99 999 99 ι[99999999 999999 ι9999199999 9999999 9 999999
99 99999 9999999999 9999999991 9999999999 99999 [9999999999 99999999
9999999 (99999999 99999 999999) 99999 99999 ι999999 9999 9999999 ι(9999
9999) 9999999999 99999 (999999999999999 9999 999 999 99999 (99999999
-od 999999 9999999 9 9999 999 99999999 ί9999 [999 99999 999 99999999 9999999 9
999999 9999999 9 99 (999999 9999999 9999999 9 99999999 999 9999 99999999
9999) 9999999999 999 99999 po 99999999 9999999 9999] 999999 9999999999 9
99999 ί(9999999999999 9 99999999 99 9399999991 99999999 999 99999999 9999999
-999 9 9999999999 99999991 99999999 999 9999999999 99999 9999999999 99999
9993999 99999 9999 999 ew 9999999 po 999999 9999999999919 99999999 9999

‘1⁷9ss Ἢ 9999999999999 99999999 091

 

