11461. , 111111111111111111111. ’ 449

po 1111111111 1 1111111111 111 1111111111 1111111111 11111111 ,1111111
1111111, 1 1111111111 111 1111111111 Κ11111111111, 111111 1111191111 1111111119·
111 111111, 111111111111Ρ11191111, 01111111111111111111111
11111111111111111 Polskiogo i 1 11111 111 111111 1111111111 11111,
1 1 Prusach 1111111911 1111 1111111111 1111111111 1 111111, 111111-
strza 111 1111, 111111111111111 1 Κ1111111; 1111111 1111111, 111111111-
111111 111 111111, 1 11111111 SS. sakramentami‚ po 1111111111 1 11111119 ,
1 111111 Κ1111111 11119 111111111; 1911111111 go 1 11111111 8111111-
skim. 1111111 11111111 1111111111119. 1111 1111111111 1111111111. 1111111
11111 po 1111111; 119 11111111 0 nim, 11 do 1111111111 1 191111111111111111
111 11111111. 11111111111111111111111911 111111 11119111 11 11111-
11 1111 1111111 11111111111111111, 1 11111191111111111111 11111-
1111, ,11 111 1111111 111 111 1111111 111111111111 11111111, 111 1111119,
,111111 111111 11119111 11111111 11111 na 111111
11111 11111111, posia} 1111111111111 11111 8111111111 11111111111
111111 1 11191 1111111111 11111111, 11111 11 1111 111111 111111111111 go
do 11111, 111111111111 191111119111 11111111 91111 ,111 11111, 1111111
,1111111111111 1111111111. 11 111111 111 1111111111111, 11111111111111-
„tego sojuszu 11111 11111111 111111 1111111111. ’1119111111111111 sprawia‚
,11 11111 1111111111111111111111 11111 1 1111111 111111 1111111111111.
,111111111111111 11111 maj 911111 111111 pomum!

1111 1111111111, 111111 1 1111111111 11111111 11111111111111111
1911 z 1111111111 111111, ammianum v 1111111 111111.

W 1111111111, 1111 11111111 11111, 111111 911 11111 11111111111,
1111111Κ1111111111111111111111111, 11111111111111111111-
111111111, 11111 1111, 1111111111, 1111111 11111 Drohi 1111 1 1111111 (111-
1111111 1111111 11111111 1 11111111 1 1111111111 1111111111 1111111111
1111111 Κ1111111). (111 1119111 11111 11111111 1111 1111111111, 111111-
11 1111111 11111111111111 111111 11111111. Ρ1111111 1111111 1111111 11111-
11111111111Ρ11111111Η91111111111(191111111111111111,
1111111111111111, 1 Κ1111111111111111 1111111 8111111111, 111111
1111111111 1 1911 11111119111111111111 11111111 111111 Torunskiego,
111111111111111111, 1111111111, 11111 1111111111 1 1111111111 111111Ρ11-
11111 1111111111, 1111111 1111111111111911 111111111111 1 111111111Ρ11-
s-kiego, 1 [1111111111 1111111111 1 1191111111. W 1111 1111111111 1111111,
11111111 9111111911 111111111 Polskiego, 111111 111 1110in 1111111111 111
w 'Poruniu‚ 11111111 1111111111 111111111111 1111111111 111111. 1111-

&Diuum ΝΜ. Em ⁸7

 

