111470. 1111111161 116111616111. 511

11111611161611111661161 11616661. 11161116 1 161 116116 61111116111-
116161, 1 61661616, 16 1111 1111111611 61166611 Ρ61666 111 6116116-
6116111111616111116, 61161 611661611611 111111166616611616 1 6611161-
1161161 11616111 6111 1 61161116611111166111. 11111161 1 61116116 111161-
16661611 1116611111 1616611 6116161116166166661 11116, 111 6116

1116661161116116611616116611111, 11661161 611 1661661611 11111666
116 16611611 6611111. 0111161611 11116 6111611111611 11161161, 16 116
1611116 1611611 1166116116161161161 616116116, 11616 Jej 6116116116 16-
1116111616111611166111 611611611111111. ’11116 11111616116116611616
611661661616 111116111661161611 16 161 1161116616. 111611661111 11111-
111611 11661616 1611661161616, 6116116111111161116116 6111 11116611111161
6116161611 6166166116 1166611111, 11111 11616 166161616111611111111
1161111661166111111 6611161 1 611666 111166111 66111111116 11111,
11616616111616161 11 11161 116616616 06166161611111. 111161. 11111116
6616116661 6611116 61 1161611616111, 11116 66 116166 61166116111 66111-
1116. 11111116 11661616 66111 161616611161 11161111166111. 01 1116111666
111 1666161111, 111 1111666 161161111116 11661616 6611161, 61661116 6116-
116161161611116 16 11161666 61161.

Ν6166661611 6161611 11111 ΙΙ, 11611111611 11611661116111,
1161161611 16 1611661161666, 6116661616161166116, 1 161616161161661-
11116111116, 661661616, ,1166116161 16111611 616611 6161611, 116 11
,1111661116 11661111 111666 111666 61161 6611111116161161, jak 16 616111

,16161 66111611111 116 116161, 1111111161661116111 61 166111111161116 ’

,61616611 66611111116161161, 1111661 1111 1111111111 16611111 6116116111,
,1 161611 11666111111 1111166 1116 1 111661 66111161]ί 1116111 11116111611,
Η61161111611611616 (111611611116),1116161111611116 1Κ11161-
6111661161161666 611116, 6116161 666111616 11 6661 11611161611 1111
616111161666 1116166111, 1861616, 111111666 666111116 1666611116 616111116-
6161161611661 1666116 6166161116 66 1 61611, 116111, 1 1666161616 6116-
616116. 111161666166611616, 1111 111111661666 1116166111, 1616111161611
11116 111161611, 1 616616161 166111 166616161166611611111111 1616611161
661116111111166111, 1616111 1116616616 16111 611661666 1116116161, 111 11-
111111161111611166111. 1111111666 1111161 61 11111 Κ111116111, 1111
1 61611 161111661111, 16611611611166611111, 16611111611161611.
111161166111 1616161611, Κ61111611, 1111111611611, Β616-
6111611 1 J 11661611, 1661161116661616611116611611111161(16-
16161111, 6166116111116 1161111 61166161116, ,16 661611 6161 61116111 116-
,11161166161 1111111, 11 11666 161666 1111111, 1116 611161 11611-
,111111 111611161161 11 111111 111166116 Ρ616116 6611161616 11161611, 116-
,6111 11161 1166166161 611111 616 161111111 16111116611 161666 11161

 

