0. 1464. 0111111001 1100011000100. 361

00101000011000, 0010000110,Ι 0οΡ01010, 0101 10101010110100010000-
00101011110010 1000100100 001001111001000, 1101100100010
10010011000, 1 0100000001 jak najmocniej 0010010 1011000, 001000
00010 0010101010 mu 1000011000οω, 1110 od wszelkiego 10001010110010 00101
101 101010010οω. Ρο010001 101 01001 0010100 10001110 001 10 ozas 101 00-
01000000, 1 010 0101010 go 00 0010000 1 11001000 100010 0001000, 001010
01100110 Ρο101010 0100101010 010 1 10101000 1000100010 10010000· (10010011
1010000 0010, 00 000001 101100· 0011 0110110. 11111 1011001001 1 Ρ1011-
10000, 01110 01101 (101 0100001010 10100101, 00010110 Ρο110010, 0 na·
0100010 (10 Κο11010, 1 10 1011010000 010 101110 10000101, 0 1110111010
01101 S. 10000 0010101 (1011010110; 11001 10000 0011110001, 0 sam
(111018.10001 00101 1001100, 1101100100 11000 0010010 00000101 do
11110 y. ’

non 001.οι niu.

1101011100 1101001110110100011011010100 1 1101101.

11010 0110100ἰο 100010 1 0110010 (101000 00100100010010 (1010100 00·
01000000, 0 0010011010 0110 0001000 0101010101010111010010, 101 Ρο1000
jak 1110101000 0001001011 1 0100001100101010 10100, 10101100 010000 01100101
0101000101100. 1001 00000010οΡ01011010100001010100100· 0 011010010 ni-
1011 (10100010. 1101001010 0110100100 0101011 0010111 1 0010010 00100101 gmin
miejski 10101011, gdy 1111010010110 10000101 glad (10001 im 010 ι101 0010-
001; 010 0010100 0110001000 0000010 101 (10110010. 1000110 101100 010110010-
010010010010100010, ι1010 10 10100100 00000010101000 1 1101010101000010100000
101000. 1110101010 gdy 000101010οο, 10 0 100110 10000 10010101 10100 00-
01001010 00 dni 0101001010, 0 0110101000 1 01101 010 001011 0000000, 010111
10110011011100001100(Εο010000001111101001100001001
(11001001001) rodem 10000, 0 Ρο0101110101, 00111011. 8101000-
00010001οὲ0 1001011110, 001101110101 1 0010010 11011001 10010001
0011000010000 Sandomierskiemu, 10011100001011111001101, 11100
1001010101οι0, ,010 0110100000 00100 1010 0001110101001010,1000101010
,1 0010101001, 110 101 na 0110000010001001100101011010 000010.κ 01001011
010 1001010 0110100100, 010 0 00110 0000000010 101 00101000 01000111 001
10100100 1000101010. (110000100100110 1000010110101001101, 0001 1 0011010
’ 101 1010100000 01011100, 010100011000 0011001000 1100010 01 do Kr6lowca
(1001011100000101110. 1110011011όο 0010011101 Polaoy 0010101111. ’10110
1000010101 1 01100 1000010, 111010 0101010 001 100001 0110100011 0000101011

a. nm. 00οο00111. 10010 41

 

