99999999 9 9999999999 9 99999999 9399 9999999 (99999999 999999 999999 9
9999999999 9999999999 9 99999 9399 999 9999999999 999 ’99999399 99999
9999 pod 99 99 ι9999999999 99999999 9999999999 9999999999 9999 9 99999
*9999999 99999 ι9999999999 op' (99999399) 999989 99991 9999999999
9999999991 (99999999 9 9999939 99999999 99999999 699999999 p0 99999999
999991 Ι9999999999 ι[9999999999999 99999991 999 9 ι999999999999999 9993999 9
99999 9 *9999999991 9999999 999 9999999 99 99999 ι999 99999 9999999 999
99999 9999 9999 99999 99999999 (99999999 ΙΓ999 9 99999999 ι9999999999
99999999 9999999999 9 (99999999 9999999999 99 9999999999 9999 9999999999
99999 9999999999 (9999999 9 9999999 999999 op 999 999999 99999 99399
999999 9999991 9999999991 99999999 9 (99999999 999999 99999 999 99999 9999
9999999 9 ’999999 9999999 9999999939 ι999999 9999999 offam op 9999999
9999999 99 9· 99939 99 999 9999999999999 99999999 99999991 99999 9999999
-9999 99 (9999999999 999999 999 9999999 9999993991 99939 99 9999 od ί999999
99 [⁸ ’9999999999 199999 999 9999 ί99999999 9999999999 99999 999 9999999 9
(9999993 9 99 9999 9990 ’9999999 9 999 9999999 999999 9999999 999 ι9999
999) 9999199 9999 939999 9999999 9999999 ’99939 99 9999939 9999999999
99999 9999 99999991 93 99993 99 ι99999 9999 99999999 9 9999 9 9999999
999 9999 9 999999 N 9999999999 9999999999 99991 999999 9 9 (9993999

5 -9999 9999999) 9 9999999 9 99999999 9999999999 9 99999999 999999
ἶ -99 99 9999999999 9999 9999999 99999 9999 ι9999999 999 99 9999999999
991 9999999 999 9999999999 999 999999) 93999 9999999 99999999 999999

9 999 99999 99 99999999. 999999 9399 pod Ι9 999 9999999999 9 9999999999 999

-9991 9999999999 99 99999999 (9999999 9999 99999 9999999999 9999999 99 s
99939 M 999999999999 ι999999 999999 ’99 99999999999999 999999 99999

99999 [9999999

mum 9 9999999999 9 9999999999 9999998999 99999999 9 99999999 ’9999999999

99999991 91999999 9999999 ρ999919 99 9999999 ‘huson 9999999999 99999 ‘mel
99999 9 9999999999 99999999 999999 999999 99899999 9999999991 9 ‘mm

9999999939 9999 9999999199 9 999999 98999 po
99993 699999) op 999999999999 93 999999 ι99999 9 99999991 9999999999 99999
9999999999 9999999999 9 99999999 9 9999999 99999999 99993999 9999999999
99999999 999 999999 9999999999 99999999 9999999999 9999999999 9 999
9999999 9999999999 9999999999 9999999991 9999199999]οὲ 99999 99 ’99999
939999 999999 9999999999) 99999 999 ι9999999 99999999999999 999999 9
999993 99999 9399 99999999 [99999 9 ι9999999 99999 93999 op 99999 (99999999)
-999 99991 99999999 ses 9 99999999 6[9999999999 9999999999 999999 9999

GWI Ἣ ’ΧᾸΖΟῌΟΊἿΞΙἯΓ zaflnsszvx 09

 

