166 111111111 111111111111. 11. 1154.

11111111 1111111111νί v 11111111 11111· 11111111 1 1111111111 111111111111111111

’ 1111111111111111. 11111111 1 1111 11111 111111111111 111111 1111111111

1111111 1111111111. 1111111111111111111111111111, 11111 mianton 1111111

111111 11111111 111111111111111; 1111111111 1111 11111111, 11111111 sig
11111ιί 1 11111111.

We Sron przed 1111111111111 11111111 1111111 81111111, 1111 11111·
111111 111111111111 11111111, 11111111 11 11111 111111 (1111111111,
111111111111111111111111111111 1111111111 111111 1 111111 11111, 1111111-
11111 [1111111111 1111 1111111111 11 Ρ11111111111 1111111111 1111111111
1111111111111 1111111111 11111111 1111111111, 1111111111 11 1111111111 111-
11111 1111111111, 1111111111111 i 1111111111111111111111111111 1 1111111111-
111111 1111111 1111111111 1 ioh 1111111, 1111111, 11111116111111111111-
1111111111 Pomezanskiego 1111111111 8111111111111; 111-
11111] od 1111111111 11111111 11111111111111 (111 11111111 biskup Franci-
1111, 1111 1 1111111111 Κ11111111111 1 1111111 Κ11111111111, 1111111111 1111
1111111111111); od Scibora 11111111, 111111111111111 1111111111-
111111 11111111 1111111111111, 11111111 1111111111 1111111 11111111. Po
111111111 1111111, 11111· 111111111111111111, (1111111111, Ρ11111111111
18111111111, 11 11111111 1111111111ιὶ, 1111111 11 do tego 11111 111111
111111 111111 Κ111111111111, 11111111 go 1 11111111 11111111111, 111111111
11111111111111111111111111111, 1 1111111, »1111111111 1111111111 111111
,11111111111111 1111111 111111111111111111111 S. Augustyna,“ 1 11111-
go 11111 1111111111 1 11111111 11111111, 1111111111 11111 1111111111 (1111111Ι
11111111 1111 1111111111 biskupa lub 1111111111 111 11111 1111 1111111111).
1111111111111111111111111 111111111111111 111111111111 1111111111 1111-
11, 111111111 1111111111 1111 11111 Κ111111111 111 1111111111 niego
11111 1111111111, 111111 111111111111 1 Κ111111111111111111 1111111111
Polskiego: 11111 1111111111 do Κ1111111, 1111111111111 1111111111
jak 11111111, 1 1111111111 11 1111111111111111111 1111 111111111111 1111-
· 1111111111111111 11111 1 111111111 1111111111.

Ζ 11111111 11111 Κ111111111, 11111111 1 1111111111111 1111111111
1111111111, 11111 11111 1111111 1 1111111111111111111111, 111111 111111-
11111111 (1111111111, 1111111111, Ε1111111111 1 Κ1111111111111
111111 1111111111111111111, 1111111 1 1111111 1111111111 1111111111 111 1111-
111 (1111111111, 11111111 111111 111111111 11111111111111111,1111111111
1111111111111111, 1111 1111111111] przestrzeni 11111111 1111111, 11111
11111111 1111111 1 1111111 (11111111111111111 111111111111, 11111111, 11111
11111111 1111111111, ,1111 1111111 111111111 111111111111111111111111 1111-

 

