1111111111 111 11111111111111 11111111
-1111 111 1111111111111111111 111111111 411111111111111 ι1111111111111
111111 1111111 1111111111 1111111111 1 1111111111 11111111111111111111 1
1111111111 111111 1111111111 111 1111111111 11111111111111111 1111111111
1111111111111 *1111111111 111111111 111111 11111 1111111 11111111 111 1111111
’1111111111111111111111 1 1111111111 111111111 111111111111 1111111 1111111
111111 (1111 1 11111 11111 (1111111111 11111111 111111111111 11111111
11111 11111 111111111111 111111 11 11111111111 11111111 1111111111 1 1111111
1111111 111111 111 1111111 1111 1111 (1111111111111111111 11111111111111
111111 11111111111 1111111111 1111111111 111111111111 1111111111 11111
111111 111 111 111 11111 1111111 11111111 111111 11111111111111111111
-ug 111111111111111111 11111111111111 11111111 1111111111 11 (11111111
1111111 [11111111111111111111111 1 11111 11111111 1111111 11111111 111111
1111111111111111111 11111111 1111111111111111111 1 111111111111111111111111
11111111 1 111 1111111111 11111 11 1111111 1111111111 11111111 111
1111111 11111111 1111 ’111111111111 11 111111 έ11111111111111111 11111
1111111111 1111111111 ’11111111111 111 11 ι11111111111111111 11111111 111 111
-1111111111111111 1111111 11111111 111 1111 1 ί111111111 11111111111
1111111 11111 111111 111111111111111111111 11111111111111111
111111111111111111111111111 111111 11 1111111111 111 111111111 1111 (1111111
11111 111111111111111 ’11111 111111 11111111111111111111111111111111111
1111111 1111111111111111 111111 111111111111111111111 1 111 1111111111 1111
11111111111111111111111 11111 111111111111 11111111 (1111111111 11111111
1111111111 1111111 11111 1111111111 1 111111111111111 1111111111
111111 11111111111111111 ι111111 111111111111111 11111 111111111 11111 11111
1111111111111 11111 1111 1 111111· 1111111111 111 ι1111111111111111111
-11111111111111 (11111111 111111111111111111111111 11111 111111 1111111111
-11 1111111) 1 11111111 1111111111111111111111 1111 1111111111

1
11111 111111 11111111111111111111111113331111111111 11111111 1 1111111 1111111

1111111
11 1111 111111111111 1111111111 1 11111 1111111111111111 (11111111

111111 ’11111111 11111 1111111 11111 11111111111111 -

-11111111111111111111111111 11 1111 11 11111111111111111111111 ί11111 1

'ml ·21 111111111111111 1111111111 019

 

