356³ 1111111111 1111111111111. 111463.

1111 1111111111100, 11111110 1111111 1111101 11111111111111101110, 1111111

1111111111 0111111111, 11 1111111111 111 1111111111.

111111 1111111010 11111111 111101111111111111 1 111111101101011 1101111111
11111111 10111111 0111011111) 0111111111 gronii 10111111 1110 10111101 Ν
11111 11111111 1111011111111111111111, 111111111111111 111111 0111111. ¹

Ρο1 111110 111 0111, 111111 111111 10111111 1111111110 Βο11111, 111
110111 11110111 11111111 11110111 111111011111 11111011111111111011 1111-
111 111 11111101111111111111. 011011101111111110110 10 111111 111110111111,
111111110111111111 010111 1101 11111111 1111110111 1111111111), nie 111111
101 0 1111111111, 1111111 10 11111101. 111111101111101111 11111111 111111)
11111111 111111 11111011, 111111 11 11 0111 1111111111 111 1111111 ’11111111
1111 1 1111111 1011111111 1101111101 1111111111 ἰ Ζ 11101111. 1111111111,
111111111111 11011101· 1 Ρο111111, 10110111111118101111111 1 Ρ1-
11011 110111 (1011111111,11111Β11111018100111011,Ι10111-

01111, 111111111111110101 11111011 111111111101, 1111111110111101111·

Ρ10118011011 (Sokolipeter), 10111 10111111111111111111. 1111111
1111 11 111101111 01111101101111111111 1111111, 1111111111 1111111111 1111
0111111 110111 1111111110101, 110 1101111111 1111111 11111, 1111101111 11111111
111110111011111 1111100111 S. (111110111181111111(1111011111).
1110111111 Ρο1111, 11 10 111111 1111111111111111 1111111, 11111111011110111111111
0111·1111111)111111011; 1011110111 11111 11111100 1011111110, 1110 1111111
1111011. 111101 1111101111, 111111 11111111111101111101111110, 10111111 11110
broni, 1 1111111, 11 0 11110111) 11111111 im 111111 111111111111111111111
11111111 11111111 11111111 10110111. 1111111111 111111, 111111111 111110
Ρ11101 110111111111100111 111 11011111101111110, 0111111111111111111111-
1111, 11111101 1111111 10 0101111 1111111111). 8111111111111 Wegior·
ski Piotr>Sokoli 1111110 10111 11111111 11 111111 0111110111 1111111110·
111011 11111, 11 1111 111111, 01011111 1 101011011111111111111111110111111,
10111111 11111111 1111111111 111110 1111111111) 1111111111. 111 1011111
Τ111101110 1 1111110111 11111111 1111011, 1 111011111 1011101111 1 011·
11 111111, 11111110 1111111111 8111, 1 111111 1111111111 0 1111111111
11111111 brzeg 11111111, 11 11111101) 11111 111111 1111111111111 11110. 11111-
11111 1110111111 Ρο1111, 1 1 11011 111111111110111111111110111 111111
1011111. 11111 111111 111111, 111110 11111 1011111, 1 1111111101111101)
1 1111101101) 11111 1011111111111111, Ρο1101, 111 110111111 11111 1111 10111,
111111 11111111111111111011111111111, 1111 1111 1101111101 11111111111111,
1 1111 11101 11111111 10111 0110111111 111 1111111111 111 1011011. Ρ11111111

1
1

 

