111477. 1111111001 1101110101111. 617

10100100, 1011011110110110011110101001011 0111010 111011101010. 1100101011 00
111001, 110 11010100010 1010 01 0110010000οό 1 01010 0101111001 101110. Ν10-
111010 01111011, 0111101011, 010010 0101011 0001001111 1 1111110101 10111-
tami 1110110111, 001101111011010100111101 1101010011; 110100010101011011000;
0100110000 10111110 001010 1001111111001101111000 10110, 0101111100110010101-
001, 1011010101 0010111 00110 00111, 011110 0 000101101010 011101000 00-
111110,100111101001101100100101. Β101 11101010 11110 11101110, 101010100 ¹
0001010 011 11011 0001001111 1000, 0001000111 0011010 010 000 00 1101010011.
110 10 110 01000 0101111010101100100, 1101110111 0000010000 01100 1 1100-
001. (110110011110111. Stefana 0101101000 1001000111, 1 1001011100
10101100101100101011100 S. 1011101000, 111110100οο 011111 110101010
110111 1 Κο0010010000011, 1101010 1010110101010010110101101110,
010111011101111010 00010 0110101000101111000 111000 0010110, 1 1101011
110110, 1111101010 110 01000, 1010001011 1 11101110 1101010010, 010000001 .
0 001111 1 1011011010001010100100000011 010 1111110. 110111011010 10 0000
11101010, 110101 01101011, 111110 1110100110110101011 1111010, 1 111111 011111010-
1001111111100100111011011010001. Na 001 0001110000οο 011001001011 1110110010,
11110000 11110110 0111111 10101011111. Κο10101010001010 1101110010οο 11010,
111011101010100110110010001110100 1011, 11101001 11110111001010101 00011011
11θο0011011 0010011, 10010 010101010 1011010101. 11111 11011011 0101101100
111001101001 101101110011 10111, 1011010οο, 1110110111 1 1010101111011111.
Ρο1110010 0110 0110, 1110101111 1011010 Ηο11111100, 000 00100100 1 010-
01110, 011 11110 0111000 11111010 01 0101111010, 0010111010 01000 00001-
1101110, 0110111 go i 10100 111111. 11011 100101101010011 111101110100, 110
1111 11010101 0010000001 0100101001110.

non: ΡαιὶιΙιί lm.

1111011111 1111 1010111 0111111 1 1111011100οι 11100 1100101011111101111110111
110 1101011011 10000 01100100 1101000111111101 1111100011 11111011 17001111110010.

111001001010111101110011 Ρ110111000 1 101 10111, 111011 1011101011 0110-
0011111,Κο1110101111111Ρο10111110111111101010110101111010000-
01101,Κ111111011011111101101001010111111 11111010; 1101010100οῐ
1101111 011001011101 1 1110111011. 1101011000 001010 0000101101 1101010110
0000111 1110101110οο, 111010 0011110111 Rasa} 10010100011 011101010
Ρο10111,01110101000101000111111100101011110010011000, 1100011-
0100100101001100101 0110111 1 0011 0101001100 10000 0110011 1100100011 1111-
1011 11001010110101, 010 111001011 11101010 110001, 1000101οη10ηο 11101

1. nmo.. 11010 »ol-uo. 111. xn. 10

 

