434 1100101000 0001001000010. 11. 1466.

,101001 1 010110110101, 0 1111101011011 011010 00101011 0 10001011
,110010001010010(1101010010,1110101000101Ρο001010,1101111-
,100100 00010 00101000. 1110110 001 1 1010 00100 01000010 0101 10 0101

,00001011010 11000 00 000000, 0 0110111θο 110001 11110 001 00 110110·
,100, 11110 001001 Ρο00101101 1111 Κο0101010 0000011101010001
,10011000101 011001001010110001 100100001, 11010101010100010 11110100·
,0100 00 Ηο110, 000010000001 00110 0010011 1101000010 0 00101 110110-

,100100111010010 11011001011, 80100 1 1111011011, 1010101
,1010010 111101 0000 1 01010, 1 010010 ’1001010110 (10110111)
,0 0001001 0100101011 0100100 101010 (officium 1101100111), 0 000-
,1010 0010011 0010100001 10 00010 Ηο11001, 100010110 00100110 10000,
,10 111101 111100100 101011010 01000010 010110010101, 0 010110 1 00-
,100 0101 010 101 01000 00 000000. 11010 001 010010 Ρ10010 0 00001 000-
,1001 101001001, 1010010001001, 00100110 1 0100011001 001011001 (01100001
,001011 110110010111 1111101, 1 0010100010 0101 0100100010 1 010011)
,0 010000 00101001011101 100000οό0 10 1110100010 1000001011010 1
„Sambi 1011010, 0101010000101 0 0001010010 01011001001000. 11110-
,1000100 0 1100101 01010 010111 0 001001011110011111100100 Ρο10110-
,00, 0011010010010110001100100001. 110110, 1101011 1010110, 101 101
,1 0001001 01011000101010 00010001, 01011111010100100 1 senatorem 1011-
,001010 111100100 Ρο1011010; 01000101 000000101οἰ 1001010010, 01 011-
,01100 0000000 011101001 -, 01011 111 10101 111100100 0000101001,1010111
,0101010 101 1111001 10101 111100100101011 0000011 0110010; 0 00000-
,100 1111 0 011001 000101 1111100100 00100001 10 0010100 0110111 00011,
,100010000101010101 0101010101 1100001. Κο11100110 1010110 0000 0110
,01 0 110110010110, 0 00011 01001001 po 000110 0010010010, 0100100001
,111 0001111010 010011010 01001 00100101010 11110 101011010, 1101000·
,110, 10101011010101101 00101 01001 11001101 110100100 0101111111001
,1111100100 0010 1110101010, 1010111 0100010 0000111 0100011010 0001000,
,1 01111 10101010 101010100010000101011110101011. 11101000 001 0101 00100
,001110100001010001100011110001101. 110110, 010110 1 00100, 010010 Pru·
’,010, 1 00001110100000010110101, 1111011 0100010101 010110011110110110
,110111010101 00 1011010110001 1111 0101110, 0101111100000000 010110-
,00000100101000 10 111100100 Ρο1011010, 101 1111 01101111001000
,01101011 10100 01010 1 10100 00111, 0101010001000100000101101010, 0010-
,00001 0011001010. 1011010100010, 0101 11001010, 010010000001 0101101οι
,,100 010 01011 0000001 00 00010 1 0010100101110, 11110 111110 Ρο1011101
,111110 0100010 00001110 010110110010100 0100100001 1111 01011 00000, 0010
,0110000001 ich 0 0000010101010000001010, 100 101 010101 1 01101001000000
,10010 010 00010101001110 1001010100, 001 00101 01100100οο0 010 0110

 

