XX

811111111111111111114 1111114111. 1141111111. 11161. 81111111 8111111111 m. 348.
Pul. 994. 319. 595. 557. 584. 606. 647. 643. 8111111113( 1 1111111138.
8111111111 0111111111ιί ryc. pol. 79. 8111111111 111111. Β115111. 379.
8111111111151 11111111, 1111111111 119. 8111111111111111111111111 336.
8111111111 1 11411Ιί11 11111. 1111111. 630. 8111111111 8151115111 469. 498.
8111111111 0111111111 mieczn. Κ1111.990. 991. 443. 8111111111 1151111111 319.
503. 507. 81111111 111 pol. 574.
8111111111 2511111111 579. 81111111111 11111. 590.
8111111111 111111. 811111. 371. 379. 31111100 0111101111 ob· Siemek.
8111111111 1111511111 (11111. pruw. 1066. 401. 530. 310011 111537-
sunium 111111111111111111 3111111493. 641. 643. 81101101 zam- 990.
81111 11111 565. 568 597. 81111 901.
stargard 15. 8111111341. 8111111 Wpap. 596. 537. 560. 585. 588. 596. 601. ’
81111115 m. 66. 619. 694. 695. 636. 639. 645. 650. 651. ³
8111111611 (01111111111111111,11111 0111111111 8110011 m. 109. 310.
stargard 111. 991309. 399. 369. 381390. 81111111 zam- 515. ⁶22- 693.

304. 396. 409. 419. 413. 416. 418. 493. 563. 81111 111· 526.
654. 81111111 11. 467.

811111 Ρ111111 195. 8111111 zum. 489.
8111111 1111111. Siedmiugr. 633. 634, 31110111 W· 455·
811111 511511811111653. 81111111 m. 300301.
811111 Αιοοὴ 137, 811111Ιή111 1111111300. 301.
811111 11111111 (1111111.) 137, 8111111111 Panium 111111111111 356. 415. 416.
811111 wojew. W01ou 985. 384. 466. 467. 479. 581·
460. 411411411411411. 660. 509149. 1111111111- 111383.
666. 666. 111. 666. 694. 666. 666. 111111. 1111111111111319-
611. 615. 693. 81151111 15. Sueburg.
811111 1111111111 posel. 771111. 566. 81011111 586.
811111 8111151191111111511. 91653. 3111410 (01110111 ¹¹¹· 526·
811111 pleb. Elblqg. 399. 8111111 ob· 81111.
811111 511181111111110111111. 383. 3111111011 1110- 175. 419-
1111... 11111111111141. wqg. 646. 666. 8111111111 w· 666. 666. ⁵9⁷·
8111115119 pan Cz. 659. 8111111111 5115111. 311.
8111151111 1 8111111119) zam. 4611, 490, 811111 11111.149.169.164.167. 169177. 953. 957. E
81151111 l. 81111111 m. 89. 375. 393- 138. 631. ’
8119111111 1111 104. 81131611 m. 89.
81110111 1111111111111. 585. 596. 81111111 1810111101 270·
811111111 zum. 689. 8111111, syn Ferd. kr. Neapol. 659.
8111111611 m. 1111111. 533. 544. 546. 548. 549. 559.
8111191111 herb szl. 96. ¹1¹,
8511111111 15. Το111111.
8111111611 11999. 1111 (ssya) 11. 476.
sum 466661. 536. 666. 602. 616. nm· 119.
Suetus (81111111 11111111. 11. 119. ramam 1711111111 ¹1¹· 198. 508-
Sudawuka 11111141 197. 71111111 5115111395.
8111111 herb szl. 568. 579. 111111194. 4646. 59. 53. 56. 65. 79. 89. 99.
811111, 11111. 81111373. 104. 105109. 190191. 194. 159. 901. 936
8111111111 w. 577. 500. 443. 488. 499. 505. 556. 573. 575. 533. 808.
8113111111 1411115111 591. 609· 690. 639.
8111111111 m. 619. 694. Taurunum 1711111111) 15. Belgrud.
811611111111 546. 619. 71111111 (0111111111177. 197. 930, 931. 940. 391.
811111111111 11111195. 31. 45. 83. 89. 95-97. 394. 306. ,
145. Τ1511 zum. 999.

8111511111111 15. J an. 1111111111. 305.
8111111 11111111. 51511. 113. 7111111111 1511111111 zTchynu.
8111111111. 146 994. 997. 931. 983. 983. 308. 419. 71111 ezech 260.

 

