01165. 1110011110 11010100100011. 391

10111011 1101 1 ι 01101 001101101001 11011001, 101000 01100100100111001010
v 1101011ιο 10 11011011 0011000 1111ιο111001. 111111 1111010011 1101111001
1110010111 1111101110οῑ01 001001011011 0 011110 01111100 11 011110.

11000110 10100011010111010 Βο00001, 1010101 00100110 1010101011

10100111001101, 1 0001000110 ioh 1010100 Η101001110, 0110 10 011010-
nia 0100 00110Ι 010001000 00 00001 0000000000 0110100100 0010010001-
111, 010 11000000 0010111010101, 101 111010011001011110000, 1101010110·
001111010101010000011101100, 11110 00100010 1001001 11001001 11100001,
00101011 010 01 10· 00011100101, Κο01111010 1111 Ρο1011 1001011011110
0 800110, 1011010 0101 10101010001, 1 1000 111100000 0101000οο, 10-
00111111Κ10101101101, 1110 1110101010 0 001001010, 10 1010110 Ρ10011
1101111, 11110100 1 1011 1010 101 0010011010 010 110110, 1000111001100000
0 011000 11110 0010011 001001 0110001. 1111011010 1010 010100010οο 11001000
111000, 1000101110100100110 1100 0110010, 010 1010111101 00010010 110110-
10 0110, 1101100000000100· 110010 0100100000101, 001 (110010101001 010100-
1101110 01000010 111110 0110101101 (11000110) 01010010 11010110101110
(1111000 0100101 001100000 0010010, 100 010100 1 0001010110 11110 1001110111
10 11011011, 0100000 001110 0001 1 0010010001) 10011000 10100010 00001011,
1110110 00110111 110010; 0100000 101 000110010010, 010 00100000 1001010 010
1101011010. Ρο101101010101111110101101 101010110, 1101110111 1100001110
0110101000, 010000 111010 001 Κ1111000010 1010 110000010οο 1010010011
11000, 01 0110100111 00001000 1010100 001011011110100100000101, 01001 111110·
111 01000010100 01011111 10110001 0000101011, 0001010 0011000 101001010. 1101-
10, 1110001010100011000, 1000101110 1 00100110 Ρ10010, 111100 010110010-
00 11 1110101010001110, 1 11 1011001 0111001010οἰ 00000111100010101010-
1011 0010100010, 010 01001 1110110111 0110010 1000110 01010011000001011

00 00010 0100100000101010, 010100101010010 01001010 100110 00 1101 0100· =

11010101 00010101100011 0010010, 0101010100101 00111010 0010010. 10100100, 1110
1101010010οο 1100010οο 1010010011 81010010, 11801010, 010 0 111101011000 0010-
10 (101000 01011010010010 010010011000001 0001011111, 11 0100100001οἰ Tom-
ka 01010010101011011000, 1101110010 001011101010 1 0000011 0101101101 00
0101010011 0100010100011111001010001010111, 11001000, 1111001001100110001
11010100101111101011111 0000000100· 1100110 (1010001101 1110101011, 10001100
110110100101000 0110 0 8101001010, 0 100011000101 01001 1101011111
1010010 (1010110, 0101101010 1000011101 00100011 1 001000110οο 0011011
1101011010. 1100000110 001, Ηο0000 Ζο1, 1011110011 810100101011, 0100-
001000 1101 1110000010 (1110101101, 1 1111010 0100111 (1101000001
0 0100010110 001110 000000, 1 10100111, 10 001001 11110010 10101100 0111010,

 

