-202 0200202 02000 020020020202 op 2020020 0000 00 0222 2220020022 002 220202)
030220003οΖ 0200220202 000 s 22220000 ι0000220202 0002002202 2 2202
202 22220220 2000200020 2002220202 00020 2200023022 2202 0002002 2020
022 ’00200 00020020022020202 02202 222 00 0202002 0002 0220022222

’2200200 200202 2000022 202 020 ’,202202020220222 200022 man 0220220
0222002 ’0302202322 02222 02020022 0020020000202 uz ’22020302 222202 002

. , 02200200 020 0202
-0200 202 02002320 022000 (0202020 2 020 0202002) 2200020 020 00002020 02020
0202202202 20220200 ἐο2023 00 022202 2 0220002202 020202 02 0220202 (02022
-003 2020200102 202200220022222 220022 2 0202002 2200220202 200200202 022
2022 2 02022 20222 0022002) 220320 ,,·20220202 0οι 0200020002 2 eume-svm
020 0200020202 ι0200200202οᾱ 0 0020002 2 03022000230 2222 02202 020200222“
op 020 20200 0222 00202 0000220202222 2020020202 2200020022 220“ :ma
0000 0202 2 2002220222 00220202 02002οι 22020200 (02020022202020 200022
-20 2 020 020002 22223000 200222 02 2 ι2002002 2002200202 2202οι 020 2020020
0 (2000002 2022022020 020 2002202 223 20022 2030220 202002 0202020022202020
od 00220202 2 (02220200 02020 2 0220 paud 00222 (02200022 020020202
020200 20 202002020220 2202020 020 220202 ι2002220222 222 02 ι0022020 202
2220222 0200200002οο 20200 23200 020202020022202200 22002 ι0302202020022220
-00020 2 03022000200020ος 22020202 0302202022022 0022202 02) 0202
2002020 op 020 2020 6030202 00200202οο2 002 20202 2202222020 2002 (0200202
020 200020 3022002 03 2202020 020 *0002202000 0022020 2 2003020200 2220222
2203 2 ἱο20220 0 202020 2002202 0000000200022 202 020 02 ’2020202 202002
2 20202222 020202 00200222 22020 200222 ’0222002 0300200022 2020002022 000
-0020 2 0202022 02220222 000 [³ nm 202002 ι0020020020222020 2 22000020 0302
0202 ’2202002222 020202 20200222 02020 000020 2 000002 00 202202 03
00020 2002202 0000220022) 2 0020220202 2200202 20202 002020202οᾶ2
00200020 220002 2022202022οΓ 22002020] 20003002 *2200023022 2202 2020022
022 ’0202020 2000020020 02 2000202 2 00220202 0220020020 230220 ι2020022020
-22 0220022002 02220 2 02200 2022202 202202 2020200202 003002 020 2 ι22000222)
-22 2 2222023 02022 030220202222 020020202 0200200222 200 02020020
-020 00200202) (22020200οΖ 2 220202022 020202 2222002022)οᾶ 02020
-oq 2200022 00202 0202002 [00002020 0 0002 0200020022 020 022202οΖ

’2200202222 220020 0022002222 ’0302200023222 02202 02020022
emman 2202020 n 2200022οι 2 2202003 200202 202ιο002 0200200 030220 2220222

’ΠΗ Ἢ ἭᾸΖΩῌΟἸἸΉΙῦῊ· zummzvu Offi

 

