1. 14111. 0101011110 110100010010. 211

11000001 10111010, 0001111101 1000101100οἰ 001010 101001, 110000 010-
110111010100 0001101001 0010100100; 0011010001101 1001010 010111 0 001010-
1000 001000001010101010110011000, 010101010011000 1010111. ’1010101
011, 0100101 01101011 10010 11000000, 0110010100 010 101011, 1011010010-
0101 1 0011111011 0000 1 ’101010 010 0010110 001110, 00101111110110110000101,
110100110110110100 010 1010000111 110 01111011, 10011 0110000110,
10 011000 1 100110001000011 01101110 100101 01011111. 1010100101101010
10 1010101110 1 0 0110111 0011111000010001 1010101 01000010100001110111 od·
011010111001010 30001011000 1 1000 1010000, 011 101 011011
0101010001οο 0101001101011011 0110010, 1110 11001011 0010011010 11110
010 1101111100.

11011 1111 1111111111 1 1111111010 10111101 10 101111, 1100111110 1010 01111-
1110 01 0111101110111111101001; 11 00 1111101111101 11011011 111 1110010
10111011 10101011 0111111.

1101 0 Ρ1010011 010101000 1101110 100001οἱ0 1111001 1 1010 001110.
0100111 1001110 1111 01010 101010 110010100οἱ0 N. 110111 01100101110111
1010001 1010 11001010000010011110 010110 110100, 11110 0000 10111110
’ 0100110101 1111001 011 11111110100101 1110 01010 0101101100101, 0 (11011-
100000101011110011100 00101101 10111110; 01100101 0011101011 11001010-
010101οἰ11 1010100011 110110. 110111 0101001100 1011001011. 00001 100
000001 0101 1111110111 1101100000 01010110010 1001100010, 00 0101100
1110111011 11101110 11110010 (10100 0110101001011, 1111101 001101 0 1010 10
101011, 1011110000 00010011001110, 0001010 00 1100111100 0011000, 0001010
0110110000111011101 Ρο1111, 0 0010 1011010010 0111010010, 010110110-
01010 011 0 0101010 000101001 0 0010110110 11000101 101 110010 0 01010
00101011, 0101 1100011110101000000, 10 00110101 01101010 101101 101101010
1011 00110111 0010101010011111000110 1000001010 10110101001010011000 ·
0011 111001 1011101011 1011000011100, 100 0011010 00 110111, 0 00001101
101Ιο010 00101 1001010 11001011 111101000011010, 0010010 01110
1 101000110 0111010010. 1101 0001000010 110110 11011 1 11100, 010 0111000001
111 001011 11010111 101, 11110 00 110 0100011 110100 10 0010110010. 1101011000
01101010110100101111,101101010,100110000101100001Κο10-
10111, 01101101 01001 110010001101, 10110 11010100, 11001011001
Ι010100 01 01110011110100111010, 0100101100 1111000, 11111 100101 10
010101100110001011ῑ 00 00 01101100 11110 1 10010 101000101 1100001 111
01 111110. 1110010100 1111011011011111101 01001, 011 010001000101001
10110101 010101100101, 11010110 00 001101 0111110101 011010101 1 101100 0 1010

 

