31456. 1333333333 3331333313331. 207

333313 131313133, 1313 13] 313 3331131, 3 3 1111313313 3133333 313 13 Sie- ·
1313333333333131111313133313313 N. Maryi, gdzie przez 3313 3113 131
33133131, 33333 13 3113131 do 3331333133333 sejmu Piotrkowskiego.

liuto 1131331113133331, 31131333 31 cosam 1313311313, za prmum
1333 z 1331311333 3331313 313 31 31333331331313.

Ν3133311 ju& 131 1313333333333 1 pora, 113133331131331 przez Fry-
1313133 3333133 3 31313 3313133331 3 innymi 13131313 3133333131311331 3133-
1331 1 33333331, 33 11113 1 33313333 1 1111133133 Polskiego 33313313
3133131 313 3313331311, 31331313331313 1331331313 3331333 3333313 1331333
131313 33331113 311313 333313133ιί3 Konstantynopola. 2331333313
1331313 8131133 1333313113] 13333131313 33133331 33 3333311131 1331331
311331313131131 33133111331333, 1 333313 1331313313131,13111133131 1313,- ’
1313 3333313111 313 1 3313131311 3313 313113, 3333333. (113 31311 3333 33133311,
13133 3 131113 1 1313131313 33313311; 3333333 1331333 33131311 313 33 pa-
313131 3333113113133313, 31313 33333331 1313 3311133131333313313
31313 1313131. 13131 papie& przysposobil 1313 333133 33113133, 3 313113
3311333313 1 333111331313. 1133131 33113 legata 3 13313313 33333 (de latere)

Jana, 1331333131331333131. S. 131313,·13Ν1313133,1133133, Pol-
ski i 113113 Turcyi przyleglyoh, do 3313333313313331113131313 1 31333
133331 3331331 1133313331, 133313333133333133113131313, 1313131 131-
133 1133131311333 1 131311333, 13 wojny 3133313 33333333. 113 313-
3131 13333333 legat 333311133ιί 13311331, 3313113 13113 3331313313131,

33333331 331 33331333 1 3131331131, 1131313113133133333131313313-
1331313 311333333133, 31333313, 1313131 1113ιηί331131, 1 innomi 31333313-
(lami. Kazimierz 331 krol Polski 313331313131, 13 331313 by} 31313113

3313313133313, 313 mniej 3131333133333 113 331333 31333131313133 jak ·

1313313, 313 1 1331333 3 Κ1331313131. (113 3133 333333 31313 1313133Ι
3 133333331313333313, 3 przyczyny, 11 3331133331 13131313 3333131331 byli
33131 3 3131131313333331 3333333311 1331311331, Bag Wszeohmogaoy 313331
33311311331311313 33313, 1131333 313 33311 313331 3 13333331 1131331,
1 31313 3113 131313 3331313333131333, gdzie 33133131 11331331313131333333
1313313 33333333. 13131 3311331333311, 333313333331313333113133313-
333 1 3113133331 33313331, 13 31331331 311331313131131 3313131333 313 prze-
3133131331 3333311333 13 wojny, 1313133313 111311 3313331313 331331333 3333-
1333, 3331333311 313 ju& 3133333, 313 33333333 33133 3133331311. Α 33313133,
13313113]Ι 3333313 33113313] 33331, 113 31313333 113131331133333133,
3333133331 najpiorwej 33313 3333113311313313311331333113, ktorego 313

 

