1111111 1111111111111 1111111 11111111 11111111 1111111 111111 1111111111
1111111 1111 ι111111 11111111 1 11111111111111111111111111(1111111111
111111 111111 11 1111111111 61111111111 11111 11111111 1111111111,

’1111111 1111111111 1111111111 1111111111
11111111 1111111111 11 *1111111111 1111111111 1 ’11111111 111111 (1111111111
111111 1111111 111 111111 11111111111111111111111 ’1111111111 1111 [11111

111111111111 1111) 1111111 111111 1 11111111 1111111
1111111111 1111111 11111 111111 1111111111 *1111111 1 11111111111111 11
1111111 111111111111111111111111 1111111111 ι11111111) 1111111111 1111111111
1111 11111111111111 111 11111111111111) 111 11111111 111 1111111111) 1111
-111 1111111 111111 111111 1111111111 1111111 (11111111 1111111111
111111111111111111 1111 1111111111111111111111111 111111 111111 1111111111
11111111111111111 11111111 11111111 111111111 1111111 ι111111111111
111111111111111 11111111) 1 ι11111111 11111111 1111 1111111111111 ‘qums 1111
-11111111111111111111111111111111111111111111111 1111111111111
-1111 111 11111111 ’1111111111 11111 111111 111111 11111111 1 1111111111 1 11
111111111 11111111 1111111111 1 111111 1111111111 11 1111111111 1111111 111111
1111 11111111 1111111111 111111 1111111 111111 ’111111111111111111 11111
-1111111111111111 1111111111 111 ’1111111 11111 1111111111 1111111111
11111111 1 111111 op 1111111 1111111111 111 1111111 11 1111111111111111111
11111 11111111 11111111 111111111 11111 111 111111 ι11111111111111
-1111 1 11111111111111 11111 ι1111111 1111111 111 111111 1 111-1111111111
1111111111111111 (11111111 1111111111 1111111111 11111111 1111 (1111111 11111
ι1111111 1111 po 1111111111 111111111111111111 ι1111111111 1111111111 1111111
-111 1111 111 1111111 11111 11111111111111111111 1 1111111111 1111 1 11
111111 1 1111111 11111111 1111111111 11111111 (1111111111 1111111111111111
11111111 111111 1111111111 11111111 1111111 ι111111 11111111 11111111
111111 1 11111111 1111111111111111111111111111 1 11111111 ι1111111 1111 1 11111111
1111111 1111111 111111 (11111111 11111111 1111111111 ι(111111) 1111111
11111111 11111111 111111111111 1 ι11111111 11111111 11111111 1111 op 11111111
111111 1111111111 111111111111111111111111 ι11111111 1111 ’11111111 1 11111111
1111111 111· (1111111111111111111 1111111 111 61111111111 1111111

’1111111111 ,11111 A 1111 ι 111 1111111111 111 11111111

1111111111 1 1111111111 1111111 1111111111111111111111111111111111111
111 111111 ’111111111111111111 1111111 11111 ’1111111111 1111111111 ‘mom

111 ’1111111111111 1111111111 1 ’891111

 

