xl

1155515555130. 320. 335-337. 343. 346. 358. 375. 377.
115ιί551555 55515. 11551. 596. 621.
1551515551551511555551111. Ρ51. 2-659. 155551 11555 55155 3551. 372.
1155151555 15. 115555. 23. 155551 [1551555515 449.
1551551555 555351. 15. 01555. 119. 522. 1555155551511 55555 324.
1155551555 syn 15.Κ5515.,.1551511. 258. 487. 524. Κ555155155 11. 134.
525. 527. 532. 538. 586. 605. 629. 632. 115551551555551 m. 117. 133. 136. 168. 186. 207.

1155155555 5551151. ks. 115555, 5151. Ρ155. 116. 276· 279- 363· 513·
mmmmmfflm mmmm

115115 15551. 855155, 372. 5091416644 m. 66.

quit'nki 06, 55540581, 15555, herb szl. 214.
xm„ mm, 199¹ Kornbltdw dom 551. herb. 179. 214..

mh„ mm, 395Ι 115555515555 551 465. 561. 620,

“imm ob· wincenty· Korozyn ob. 11555 515515.

111515555 ob. Bart10miej. mmmm ⁰b' mmmm
κῆὸν, m. i zm· 201· Κ555555ιι55 (15555555) m. 340. 627.

κηοψῑαηῑο 515, 1151515ιὶ (15551555) m. 202. 571.

mmfflfflffi mmmm
Κ1115 m. daw. Lykostomos (Clistomastum) 384
&35⁸ 575⁸ 592⁹ 595¹ 6θί Κο1ν5155 herb 551 237.

“iv-[⁰4² (90111111) 134· Kowalewo 51555. 146. 231.
111555 15551. (151515. 313. “ xowno m, 91¹ 365,

10515054 bisk· Lubus. 132· 1155511 1551515115 499.

mmm bisk' KijW' 550· 1155155155 m. 109. 361. 441. 446. 586.
11155555 51515555 297. 314. κοί.. Μ· 590.

105πὶ011* 1441011111 111· 001· 9⁰· Κ51155551 herb szl. 333.
11155555 55515. 11551. 138. 1404666645 m, 464,
1115555115 m. 68. 235. 575. 581. “mm 531, 612,

Κ555555 5515 55.
11555555 (05555515) 5. 60. 526.

'‘¹⁰⁰¹‘0 ⁰1³· K4⁰s¹²k⁰ 15155 m. i zam. 13. 23. 30-33. 41. 58. 33.

«mmmffimm 555555ω555
11156515 l. Kladzko, Glaz m. 421. 462. 522. 523. 139· 142· 143¹ 184, 150Ι 203¹ 205· 516, 231,

mm mmmmmmmmm
Ι1155155-Ν555555 (1115515555555) m. 340. 313. 317. 321. 351. 354. 363. 365. 387. 399.
151115 55. 1155155155. 407. 423. 456. 459. 470. 480. 481. 492. 496.
1151515515κί 55. 155. 506. 519. 520. 527. 532. 534. 539. 550. 563.
1151151151 11151555) 1551555563, 5. 188. 189. 592, 596, 597, 653, 643,

11555115 m. 202. Κ55115515515 21. 22. 63. 64. 66. 78104116144.
Kobylifiski 55. 8155151555 5 Kobylinu. 215, 217, 234, 211. 276. 293. 299. 311. 347.
1151555555 m. 564- 510. 583. 603. 629. 646.

, Rollin m. 546· Κ551555515515515 21. 22. 44. 66. 108. 116. 162.

Κο10 m. 22- 100· 137· 218· 224. 2413223615· 189. 191. 211. 215. 217. 225. 232. 233. 242.
336, 451. 480. 485. 512. 600. 602. 644. 271. 365. 613.

Κο1555555 1051655551 5. 362. 1155155515 51515515 47.

1151555515 m. 49. 488. 1155155155 5. 421.

Konary 5. 265. 1155555 5515 70. 71.

115515 5. 306. 563. 600. 1155555 551515. 71.

1155551515 5. 452. 460. 461. 479. 1155555155 5. 325. 623.

Κ555551511Ι 55. 315515. Κ55515155 5. 60. 61.

1155553 ν. [511555555555 mista Prus. 31. 40. 58. 1155555555 (1555555515. 631.
105. 128. 146. 198. · 1155551505.

Κ55555 5151. 175551. 34. xmoya 531.

1155555 11551555, 55. 055555, 15. 0151515 41. 63. 1156155155 (1115511555) 5. 146. 150. 155160188.
234. 322. 335. 337. 317. 389. 395. 396. 403. 191-193. 254. 345. 347. 381. 394. 405. 449.

1155551 8151515. 0155515. 41. 322. 590. 501. 511. 516. 621.

Κ55551 555351. ks. 1115555.,15. 115555. 176. 319. 1561551551· 515515 153.

8

 

