1. 1456. 1111111111 1111111111111. ' 111

,111 111111111Β111111111, 1111111111 111111 111111111111111, 11111
,1111111111 J 111 11 11111, 11111111 11 11111 11111111 11111111111

,111111111111111 111111, 111 11111 11 111111111111111111111 1111111 1111- ’
,11111 111111 111 11111111 111111111111 11111111 1 11111111, 11111 11111
,111111111111111 1 11111111 1111111 1111111111 1111111111, 1111 111111
,11111111 11111 111111111111111 111111, 111 111111111111 11111 11111111
,111111111111 11111111.“ 111111111111111111111 11111111111, 111-
11111 1 11111111 1111111111 1 11111111 111111111111111111, 11 1111111
1111111111 1111111111 11111111 1111111111 1111111111 1111111111 111111-
11111111,1111111111811111111. ,111111111111111111Κ11111-

,111, 1111 11111111, 11111111111111111111111 111111, 111111 1111111 11111 ·

,11111111111111 11111 111111111111 111111111111 111111111111111111111; 1111
,1111111111 1 111111, 11 1111111 1111111111111111111111111111111, 11111-
,1111111 111111111111111 1111111111 1111111, 1 1111111111 11111111 1111 111-
,1111111111.“ Po 1111111111 1111111 1111111, 111111111111 1111111111111
1111111, 1111111111 111111 1111111 1 111 1111111 111111111 11111. 1111111111
1111 111 1111111 111111111 1111111, 1111111111 1111111111 ,111 1111111111111
,111111111111111111 1111 11111111111111, 111111111111111111 1 1111111111,
,1111111111 J 1111111 111111111 1 11111111, 111111111 11111111 11 111 1111111
,1111111 1111111111 111111. 111111 1 11111111111111111111111111111111-
,111 111111 111111111111 111111111111 1111111111111111111111,11111111
,1111111111111111111111111111) 1111111111 11 111111 1111111111-

,,111 1111111111111111111111111111111111111111.1 Τ1111111111111111-,
11111111,1111111111111111111111111 111111111111111111111111111-

1111. Ρ111111 11111 111111 Κ1111111111 1 11111111,1111111111111 11111-

1111111111111111 111, 1111111111 11111111 11 1111111111 111 1111111111
1111111111 111111111111 1111111111 Wiel ko 11111. 111111111111111111
111111111111111111111111 11111111Κ11111111 1 11111 S. J adwigi,
1111111111 11 1111111 11 1111111 1111111, 1 11111111111111111 11 1111111
1111111 11111 1111111, 111111 1111 11111111 111111111. 1111111111 111 111111
1111111 11 11111111 1 1111111111111 111111 11111111 1111111111111111111111
1111111111. 11111111 1 1111111 111 111 111 1111111 1 11111111 11111111 111
1111111111 11 1111111111 1111111 111 11 111111111111111111111 1 1111 1111-
111111, 1111111111111 11111111. Po 11111111111111 111111 1111111111
11111111, 1111111111 11111 1111111 1 1111111 1111111111 11 1111111 11111
1111111111. Β111111111111 11111111111 11111111 1111111111111111 111111
1111111111 11111111111, 1111111Κ11111111 11 111111111111111111111-
1111111111 1111111 11111, 11111 1111111 11111 1111111111. Po 1111111 11111-
111111111111111111 1111111, 11111111 1 11111111 11111111111, 111111
1111111111 1111111111, 11111 111111111, 111 1111111111 11111111, 11111 111-

 

