18 “11xe '0ffl0d ο111111 'mu 'r

11111111 1111 1111111111 1 1111111 111111111111 1 1111111111 11111 1111111111
’ 111111111111111) 11111111 1111111111 1111111 111111111111111 1 11111111
1111111111 1111111 111 1111111111 od 1 111111 1111111111 11111 1111111 11111
1111111111 1 11111 1111111111)οᾶ 1111111 11111 111111 1111 11 ι111
-111111 111111111111111 1111111 1 11111111 111111111111111111111111111 1111111
1111111 111111111111111 1 1111111111 11111111111111111111 11111 11 ’1111111 1111
-111 11111111 1111111 111111 0 ’11111111 1111111111 11111111 1111111111 111111
1111 1111111111 111111 1111 1111 111111111 11111111111111 1 11111111 11111
1111111111111111 1111111111 1111111111 111111 1111111111 11111111 1111111111
1111111111111111111 ι11111 1111111111 111111 111111111111 1111111 ι111111
1111111 1 11111111 ’1111111111 1111111111 1 1111111111 111111 1111111111111111111
-1111111111111111 1111111111111111111111111111111111 111111 11111111
-1111111111111 1111111 1 61111111111 1111111 11111111 ι1111111
11111 1111111111 11111111 ι11111111111111111 11 ι1111111111111111 s
111111111111111111111111 1111111111 11 ι11111111 111 111111 1 ι1111111 1
1111111 11 11111 1111111111111 (1111111111 11111 1111111111 11111111
1111111111 111111111 111111 1111 111 “111111(11111111111111111111 ι11111111
1111111111 11111 1 ί1111111111 11111111 1111111111 1111111111 ι11111111
1111111111 1111111 11111 1111111111 (1111111111111 1111111 1 1111 11111
(11111111111111111111111) 1 1111111111 1111 1111111111 11
1111111111 1111111111 11111111 1111111111 11111111111111 (111111111111
1111111111 1111111 1111111111οά 111111 1111111 ’11111 11 11111111 1111111111
111 11111111 1111111111 11111111 1111111111 11111111 11111111 ι111111 111111
111111111111111 1111111111 1 ’1111111111 1111111111 11111111 1111111 1111111
[111111111111 1111 ’111 11111111 1 ι1111111111 11111111 ι1111 [1111111111
1111111111 1111111111 1111 11 ι1111111111111111 1111111 111111 1111111111
1111111 1 1111111111 ί11111111111111111 11111111 1 11111111111111 1111111111 1
111111 (11111111111111111 1111111111 111111 11111 1111 1111111111 1111111
-11111111111111 11111111111111111 1111 1111111111 111111 11111111 1111111111
1111111111 111111111111111111111(1111111111111111111111111111
-111 1111111 ι1111111111 11111 11111111 1111111 111111111111111111111
111111111111111111111 1111111111111 1111111111οά 111111 1111111111
11111 ’11111111 1111111 111111 11 111111 11111111 111
111 11111111 111111 11111 111111 11141111111111 11111111111111
1111111 11 11111111 ι1111111111 1111 11111111111 1111111111 2

1111111111 1 111111111111111111 1111111111 1111111

ἬᾸΖΟῌΟΊἹἩΙΜῈ zuaffllzvx ‘

 

