0. 1453. 0000000000 0000000000000. 131

10101, 1010 00101 0 10001 10100101 0000000 1100011000, 100001 go 001101-
001001 10101, 10100 0001000101001ε ,10111 001110010010000101 1010010101010
,0100101101 10000 1000, 1011100101ἰο 1010000 100100101000, 101010 00101111
,00010 000101 01000100 00 00000 00101010 1 0110101001 Syna 000 1000 0010,
10 100011001010011000 1011 1100001101, 01001010010 0000010001, 10-
001 1100000 01000100 01101, 0100000100 mu, ,10 00010101 1010100001 01-
,0010000 0100100 00000 0010 1 01000101010100, 101όο000 000000 1100011 110
,00011100010100011 0000100 01101 000011 011011 111001010101 0 00101 10010-
,11010110101000101011010 10010011.“ Pera, 00010 1100001010, 010-
010100 010 1001010010 1000, 0101010 10 0000000 Το00011010 100110 0 101-
1001000 0101000 010101. Ρο1000 0 00010000 0011000 00001 100000010 0010010
01000000 10010010 00100000. 100101000000 0 1000101όο 100001 1 100010-

110οο 00101010. 100100010101000100101001 000101 000001· 100000 0000001010 -

1101001 00000001010101101.1100101110 1010111000 000011, 10011, 001101 10010-

, 110101 11000110 10001( 101 000 010100 00100001. 1111000 00110 001100,

1010 0101110100010010 1110 0010010 10001001100101, 010101 1010101-
0001 10001010001100001, 010101 0001011010 10001 011000, 01000010 111100,
10100 0 1001010010 00010 1 01000000010 010000101000, 100101011000000 00000011.
1111010100011010001100110 1 0100010100, 0001011 0010010 010000 001000,
1 0101000110100100, 011000 0101110100 000001010100,0111100 1010101 010011
011101100100010100000, 111101 0100101011 100110 0101010010 0101101. Ten
0100000011101 0101010 Κο00100110010101010001000 1110101111ιο 110 Tur-
k6w‚ 110 (100110 0010100000 010100, 0 01110 0100000 110 0100000100.
1111000 01000001010100 10010010 0 nim cios 10111101, religia zniewagQ; 10010
1110101000 0001010 10000010110001000 1 01011000. 01000101010100 0100011010111
10100 0100 110100 00100. Κο1010011001 10101000 1 0110000 00011 (10001010,
100 10110101 01101 010 100011, 011 00111 0001οό 00000100.

opi· 1001010001 ’1001100 1 0110001100 1001001ιί00.

11100000110001, jak 01010 0001000010, 1010010001 1010110110-
10100100 801110, 1011001 0100011001 0 01011 10010011, 1000000110011010
00 nonem, 0100100001 00101000100101 010 ku 1011, 1 1000011011 010
0 00101000 00 00101000, 010 000100 00111010 0101010 01011010001001011010101,
001 (100010 1 0010001001. 1111 101 000010001οὶ 0 0100110001 00000110οτ0000
1 gor Ρ10010111011011000000001 1110000000. 1111 1101001 10100001,
0000111000 0010010 0000100001010000 00000001. Κ1011 0 10001000 0100000001
00011 Ρο110, 01011011 010 1111001010011101101, 0101101101 00·

 

