76 1331111133 1131111611311. n, 1451.

kioj Ρ616111.Ζ6631113130331636166116131161316613Κ1311636111,
13131313613 sie 11111116 36 6361111, 331131 3166 1 3 161 6366111316116113131
613631613131ε ,11613116 613 33113313, 3131616136361 3633663 1 113113 3 was
,3 66611133133“3316363Ι 11611 6361 1 3163613111 3611611131131316113, Ζ111-
,3116363111111131631 61 1136111 3133116113 131313, 1113616 636113113 1 316·
,361333113 13116 3611336111 6113131; 1 3131616 3161311 16311311 1313111 Β6311,
,336111121131163631 113113161631, 3316 63633116 1 3166166113, 16 3636
,61613 13361131 33611313 1111136131 161611161111311 1316113 33636331, ja·
,1163613636 616166 11313 116 63131316, 31111131 3136331633111113111613-
,1613 6113616161161116, 6111611311613 111 11313111. 161611 1631611 6116316111316
,136633 666113113, 16 33116616116 1111311633 16 11616116111611 1111166133
,1616111636 11633113 3363633113. 2611163311 616 3611611 1 8161163 11166161-
„skiej 3163136111 11116316 1361, 1 31611116 13 11633131113111313, 3116116311
„jej wyjedn263 3111631611 Β13 16116111333661163316111131 1361336 21113116·
,3631 11611316311113116361116111, 111113 61 1136611 3133116113 113163613
,1311313161 66 616 11116111 3663636 116 31313316, 363611 16 61631611 131133-
„sokiej 36116161, 116 3163161313 1111163613 311 1311311131331611663, 1311 11
,131613 611661 6136161116 1636 666111363636 6363311613 13133311663633, 311116
,13636 61316 613 ’61331161636 1 31611163636 1131161133336161. 16113 3166 116316-
,13 63611613 113613 36636, sami 1331616. 1111131611313313133633111111-
,1311631163136111361116331 36111631616131313 136 16 16316613, 16 616
,1611313113 36 36113161 311361 16 361161613, 111113 116 131116 313333131661116·

,113131131111113316111313161616, 1 16 613 1331161113 11116133 66113 6331316113 1

,3331161613 1311 11 613 61163136, 66 61363 13316 3163131333, 16116 3 in· 1
,136116161131113116133 136113, 311613166136, 1131161133, 1316 1136 333116- “
,161 131163Ι 36331116 11616161 (1116111616111 13636 metropolita 116 163131
,131133 36116161 1 366363311 636361161113611. Β3133111163· 1636 3163116113

,11116111616111 11661133 661116 116 3166331136 33 31163333, 1611163613 311613- 1

,63636 6163133313 3661 1613111. 111661631131161311163113116111 11633 f
„prawu‚ 316 Κ616116111, 1631111111, 1116116111, 1363366311316116111636
,16161613 3316633111 1116111311, 16 1311313161161 36116161 31111 1113331
,1161363616136 1 113116 11163666113311 i 1613 31136161 111 3133313331. 11116-

,113113 331111, 16 36111 1661611113 613636131161 3113, 36111 6113161113 63611 ἐ
,16161131161111631 1663611, 3666116136111636133316113 36116111 16633- ;
,1633116; 3616113, 1631611 636111366331633116 361631 333636 1311131113 ?

,6113333311633331161111 1116116113, 11166133 61116111, Ρ63131161116-
,11, 1161116111, Ρ13611361116113, (111611611611111611131631, 313-
„by 116 1363 1131163611, 31611113 1113 3 1161113113 1316 361161136-
,613113133116616131’1311633 331163613 11111 Κ631111613,11131613633163
6116611 31313611 31316316, 3661316311 113611116116311336111 1616131 16116-

 

