544 1111111111 1111111111111. 111113.

11111111 111111111111111111, 1111111111 11111111 tego 111111 11111111 111·
11111111 111111111, 111111111111111111 1111111 1111111, 1 1111111 1111
1111111111 1111 1111111 11111111 1111111, 11111111 1 Β11111111111111111·
1111, 11111111 1111111111 11111111 1111111, 111111111 11111111111111111111
1111111, 1111111 11111 111111111111. 1111111111 1111111 1111 11111111 111-
1111111111111, 11 1111111111111 1111111111 11111111 11111111,Ι 11111
1111111111111, 111111 1 1111111111 1111111 111111111111 111111, 11111
1111111111 ,111 111111 11111 11111111 11111111. 1111111 1111111111
,11111 do 1111111111 0111111111, 1 111111 go za 11111111 1111111 1111
,111111; 111111111, 1111111111111111, 111111 111 1111 111111111 1111111111,
, ,11111111111111111111111111 1111111111, 1111111 1111 krolestwo 11111111·
,11111 111 1111111111111 11111111111111 11111111 111111111; 11111111
,11111111 111 111 Aust 1111 111111111111111111111111111111111111111
,1111111 11111111 1111111 111111111111111 1111 1111111111.1 81111111 111
11111111 do 11111111 1111111 111111 111111 111111,1111111111111111111
111111111111 1111111 11111 1 Κ11111111111 11111111 Ρ11111111111111
1111 1111111111111 11111111 1111111111, 1 1111111 1111111 1111111111111-
1111 111111111111111, 1111111 1111111 mog} 1111111 1111111 11111111, 11111·
11111 11111111, 111111, 1111111111 111111, 111111111 11111111 1111111,
1 11111111, 11 1111 111111 1111111111, 111111111111 11111111 111 11111111,
1111111 11111111 1111111, 11 111111111111 1 111111111111111111111111111
1111111 11111111111 1111111111. 1111111111111111111111 od 1111111 111111·
1111111 1111111, 1111111111 1111111111 1111111111 11111 11111111 111111, 111·
111111111111111111111 1111111111 11111111, 11111111 111 111111 11111111
11111111111111111111111111 1 1111111111. 1111111111 11111 Ρ111111111-
11111 1111111 1111111111 18111111111, 111111 (11111111 by} 11111111,
1111111111 111111 111 11111 11111111.

non mrim 1111.

1111111111 11111 1111111 11 11111111 1111111. 1111111111 1111111111111111111

1111111 11111 1111111111 1111111 1 1111111 1111111111, 1111111111 1111111111

11111 1111ιί111 11111111111111111111,1111111111 1 1111111 1111111111 11111
11 111111.

81111111111111111 1111111111 1 Pana 1111111 ,111111 0111111111
1 111 111111 1111111111 11111 1111111 1111111111 1 1111111, 1111
1 1111111111 po 11111111] 11111111111 1111 1 1111111111 1111111111, 1111
(11111111, 81111111111111111111111111111111111111011111111

 

