01446. 00000000 1001000000000. 25

11100100011, 1000100000000000010Κο0100011, 101010001οἰ,
000001011 0100000010. 1010000 00100000, 010 10101001011001010000
0011001011 0100010000οἰ 0010000 10 00000010 000110 1011001000 Ρο1011000;
0001110001101010 1001101000 1 1110101 101011 001101 01101010, 101010-
010110000011, 010 00 010 1000000100· 010 0000100011.

[nimian 101010 11100011, 01100101ιο 00000001 1010110, 00011010 00010
101100100101011000 1 00000000 10101 10 00000] toronum: 0101100 m 00160
11110 001 010000 01 tegni 1011001000 1 000010,οι0 10 11100.

(110 0100 0101001 1 0000010 1000001 00001011 10010010 Βο000010,

101010 11001010000000001 101 0 0000000010ἱο, 0000100010 00000 10111110
1000010 010 0010100 nim 0 10100001 0000 00000000 011010 0 00000010 000110
1010100100, 000000001010000000000100 100010010 0000011000 100111 01010,-
0100101011010 0100 Ρο10101100, 1001100Ι 1 010010. 80010110101010
Κο01001000, 0010011 00000001 111010όο 00100000000, 00 0001010 00
100001 0000 000001ος1, 1110001010 101001001000110 0010000010 0000000001
0100( 0 1010010000 1110001100, 0101010001, 10 001 10010110000001100
00000010 100000 Ρο1010, 01011 1010000111010 1010 0101001000. Κ11110
0 0000010001( 010 00000001, 0 jak 0010100001 010010 1010 0010 0000 10 0010-
001 000010 0001000000 krolestwo, 11100 10 100· 001000001010110 001010000οο1,
10 tego 10000 000110010, 10 je 00000000, 010 110 0000100ῐο 1011001010οο-
0010101 000000οο1 1 0100000001 10010, 100101 1001000010 000011όο 01010-
10011, 11010 00000 0100010 jego 10110000000110001010101( 1010010010 mogh> 010
0001010001 1000010000 000001 0100 00101101 (110001001001000001 010101-
00011, 10 00000110 00000 1010100ἰο 10010( 10000 00100001 0 10100 000011)
010 00000000, 1001 0000000 00010000111 000011 (10 Ρο000000, 00100101·
0101 010 10 1110000000 10 1010100100 Βο1001000; 0101110000 0 00000
Ρο101101, 010 1000000 00110 000110 Βο1001000 0 01000 0100000ἰο 1110
1010001101, 00110001 0000000 1 011010100ιηί 0100011 010 0010010 0000010010 00
101010010110010100001111010001. 1001101011, 10 010 101010 11001·
01000 00010 0 101000 0000010, 0101 101010 0000100 000 1 010100 01010-
0100101 100000010111010 0100011001100, 1010101100· 1 010010, 00
0000 0000 0000000, 111000080011001 0 1101001000, 001000 1010010010
801100010110, 0 00100100 0101110100 1010010 1111011001 1000001, 10000-
0001011, 1010 tego 0000111001 011001 0000110100 010 1010. Γ100010, 101
010010 001100οῃ0, 01011101001001001010110000 0001010110 001010, jak 10

01100· 00001000. 10101 101010 Κο01101000, 0010001000 10100001 0000000,
³-mucoen.n112501²01·u9.n. m 1 4 . ..

 

