111452. 11111111 111111111111. ¹ 113

11111 1111111111] 1111111111 11111111111111111111111111 1111111 1111-
111111, 1111111111111 1111111111, 11111111111111111 11111 111111111111,
111111111111111111111, 1 111111111111 11 11 11111111. 1111111111111 111111.
11111 sam 111111111111111. 1111111111 11 11111 111111111111 1111111111
do 11111 1111 1 1111111111 1111111111. A 111 111 1111111111111111 1111-
gelii, 1111111 111111 11 11111 11111 1 1111111111111111111 1111111 S. Pio·
111. ,Ρ111111111111 11 111111 11111111, 111111111111 11111111111111
1111111111 11111111 1111111111111111111 1111111111 1 1111111111, 11111
11111111 111111111111, 1111111 11111111111111 11111 111111111 111111111.
Ρ111111 111111 1111111 111111, 1 111111 1111 1111111111 111111 1111111111-
11111111 1111111111, 1111 1111111111, 11111 111111 111111111. (111 potem
11111111 1111111111, 111111 11111 111111 11 111111, 1 11111 1111 11111111 ,
11111, 1111111 11111111111. Po 111111111111 1111111111, 1111111 111111
111111 111111, 11111 111111 1111111111 1 111 1111111111 11111111111111111.
1111111111 oredo, 111111 1111111 11111111 1 11111111111 111111111111111- ’
1111111. 1111111111111111111 111111 1111 111111111. 0111111111111 11111
11111 1. Po 11111111111 1111 Ρ1111111111, 1111111111111 11 11111111, 11-
111111111, 1 1111111111 1111 Melzi Zbawiciela, 111111111111 1111111 1111·
11111. Pomm 1111111 11 1111111 111111111111 11111. 111111 111111 11111-
1111. 1111111111, 1 1111111111 11 1111111111111 1111, 1111111111 11111111
1 11111111111. 111111 1111111111 111111111111 11 1111111, 111 11111111
111111. 8111111111. Po 1111111111 11111, 111111111111111111111. 0111111
11 111 11 1111111111 11111111111 1111111 (11111111) 1111111111 1111111111-
11. «1111111111111 111111 11111, 111111 111111111111 111111111 1111111111
11111111111111. 111111 111111 11111 1111111111 1111111 1111111. 1111111-
1111 1 1111111111111 11111111111, 11111 11111111111111111; 1111111111-
1111 1111111111. (11111111111111 1111111111 111111, 111111 11111111
1111111, 11111111 mu 1111. Na 111111111111111111 111111111111111111
1111 1111111111 111111111111 11 1111111. Ρ11111ο111 potem 1 1111111 1111111-
111 11111111111111111111111111111111, 1111111111111,11111111
1111111111 1111111111111 11 11111111 S. Ρ11111. W 111111, 11111111111
Ζ11111111111Ν. P. 111111, 111111 1 11111111 1111111111111 1111111111
1111111111,111111111111111111111111111111111111111111-
go, 11111111111111111, 11 1111111 11111 1111111, 11111111
1111111111111111 1111111111. ’111 1111111111 1 1111111111 1111111111111-
11111111111111, (11111111111111, 111111111111 11111111 1111111-
111111111111 1111111111. 11111111 111111111111 1111 1111111111 11111111
1111111111 1 1111111111 111111111 11111. 11111111111111111. 1 1111111,
111111111111111 111111 111111111 111111111 1111111111111111 111111, 11-

111111 Β11111111111 1111111 111111 1111111 1111111 11111 11111111
11111111111111111111 , 11

 

