616 66666666 1166666616666. 61416.

111666 6 616 616111661 6616116 66616666611, 6616666 61666166· 661666 6666
616 1616166616 16166616116166161611661, 16 mu 6666 611616616616-
61611666 (116661) 6 661616 616616661166 66666666 1166666116
6666661616 616161, 661661 116666 666616 161 6 66666 jak i 66616166661616,
w 6116 661661616616 1661666, 6 66166 6616161, 16 16161616 16166 61611666
6666 6 66666666661 616 16116 661666, 61666166161 661661 16 6666616,
666666616166666, 1 61616666 661616166616116 16166166 66161661. 1666
616 66161616 6666666 6 1616666611 6166161666611666616616) 6116-
661, 166666 616 6 6666 61616616, 6166161 161616 1616661611 161611 ,
6 6661116661 161616616 1661661 16666616, 86661666661 1 innomi
66666616666166, 1 666166 16116 16166161 1661666 661616 66111 66 66 61666 5
16666666661. 1616161611166· 116666, ι16166 6 Β666661666116, 111666 ³
116 6666 16666161 1 661661666661 6 6166666616111616 661666666661 66666 661611
66 6 6166661161, 616 66 6116616 161 11666666 1 661616666 661616 6666 616 ;
61666616166661661666, 6666616661 66 6 66166666 661611 6666 1661666 66 ,
166661 161661 6661661666 61661666 6 161616. 1161, 66611616661616661666 5
66 66661666 616616616 1666 166166666116, 1116661 161 6666111666 5
6616, 16 16616 1666, 66666 6661616 Ρ1666 666666666666 661161666166
611166 (1661166) 61666 1666666 66666666 66166661, 16 6161166 166 616 ,
16666666666, 166166666 6661616 66161616 16666, 6 1116666111661616616-
66666. 616616 616166166666 6 166 1616 6666166166 6661616 6666 1616616616
16166616116, 11166661661Β6661616116 66666611, 1 6666 66666616
66666661 6666 86661666661.

 

1616611 16161616166161611 xa 66616661 6616616166 66 161611 6161666.

016166166 166· 6666161666· 116611 6661666616 66616616 0 661666 61 ·
6666616666661666666 6666116. 6616611 (6611661166) 161616 116166- ,
161611 66166161 616 1616 666666· 66616166 661661616666 1 66616611666 16-
666, 61616 6161661616 jej 66616. Μ61 jej, 6166161 666666666616166616,1611·16
66666 6161616611, 1611 6 61666, 616 616 6166666611161616616, 6616661 66666
666666 6616 6166666666 61166111. 1161661 6666, 66161 16661 6616161161-
66666 6666616, 61666666 661611 161166 6166166161, 66661661666616 1616166166, 5
616 166661666666 161 66 61666 1666 1 66666 1666. 1616 166 666616161
mu 66616 61666, 16 616116 6616616 6611 1616616616, 66, 6661666666 661166 5
666111666661166666· 616661666 1 6 66166166661666, 6666611166666Ι 16616661,
1666661 jej 666616166161, 16 66 6661616 66 jej 611 1616166 1 6661666116
6616161616 16 161 1666, 6 666161666616, 16 16 6616611 666616116166 616616 1
666666616 1 61666; 6111 16616 6 6166· 66616611, 1161 61616 61616 66116 66

 

 

