101464. , 1111111101 1101110101111. 375

11000 801101101011000 1 100010110111 1000111111 1 Ρ110010111,111-
1111111010 80101100 1Κο01101Ρο110 10011011000101011110-
1011 1101011111, 00111010. 1010111οο Ρ1011 111111 1110011010οο 81010110,
1110110110 101 1111111000 1110 111010010οο, 000101101100011110010 Νο10, 111-
10 001111 1101000111 01011 1001101111001010111 10111010 10 1010. Α 1110
Κ1101000 10100011 101101110101010 0110010110 im zbrojnej 0011000, 111100·
101101 1100101110 110011, 1010 101010011101 11110 0010100011-100010 010010
1 10110, 010 0101111010110101101100101010, 11111101Ρο01, 010001010
011101010101 10 01101010111110110, 1101101 11101111, 1111000
1101101 101010 1010110011 1110 011110010οο 1111101110 0001011010101;
1110101010 001101 01000 1 1111010110 0110, 00010101111 110101010101010
001011010 111010111010110, 010 10110 1111001101 11001100001011101011 110-
001011.

1010001 001111 Ηο1101 1 Ρ10101 1 1111 11101000 1110110101110-
10101001100110 1 010101011 111001Ρ1101101, 010 101010 011001001010
1001101110 00110, 010110010111 101110110101101110οΚ11010000 110010 ’
0011011, 101 1011110110 01100010 10111101 11110 1111 0010101, 0 1101
1101110 10010 01010. 011101010111011011 111 10010111 1 0011011, 10110110
11010110 010, 00111 11101 1011011 1 01001 10 1110111 0110010010. 1110 1110-
111011011οο 100· 1111001 00101 111010101010111, 1001010 10010110
11101010 101 11100001 1010111 Κ10101011, 11110 1110110110100
Ρ100, 11111011010111110011101010, 10111101 111100001101111
1111111 1101101101ου 0110101 111010. Ale 101 1111 11101010 10101011010
010 1010 01000 101010,· 011010 111101010 101 0110111010, 11010101010101110-
10. 1101000111 1 8111110110 0010 1111010101 110110110100 00-
11111010 011010, 1111101000 101101011 ju& 10 1011111, 11110111 00101010
1010 11010111. 1010111100, 010 1111 10 11011011110001100101110-

1110110 01000 00110110011111, 1 0011 101010110 0 0011101001 010 1 Ρ11-
’ 000111011011 111011 1111000100ἱο 101010, 11110 11010 11111 0011101010,

0111010110 01100110 10 1110111, 1111 1011011 110 010101 101011110011010-
10111 010 11010101001010110.

,11111110101111 1 1111101111 1111011110οο 01101011 110 11 0101100 110011-
111010 1111110110. 111 101 11111 11110111 1111101111 1111011111, 11111
111 1 8111111110111111111 111111οο111 01101 11111 011010.

110 10101011 111011 111001 11001000 11000, 1011001010 10101011 1010-
00 0101101100, 10101100 (111011101000 011011 100110111 01000 J 010
(111010101011000, 11011101 Κ10101011000 1 1010101111 1111001111

 

