231 1111111111 111111111111. 111457.

11111111 111 111111 11111 111111 1 11111, 1111111111 inne 1111111111 1 rehu,
ido 1111111· 11111111111 1111111111111 111111111 1111111 11111111) 1111111-
11111111111111111111111 111111111. Nie 1111111111 11111111 111111 11111-
1111 1 111111· 1111111111 111111111111111111 1111111111 11111111111111-
go oelniejszo 111111111111, 11111111111111111, 1111111111 111111111111
111111110111111111111, 11111111 111111. 1111111111111111111111, 111-
1111. Β111111, 11111111 i 11111 1111111, 11111 1 1111111111 11111111-
11, 11111 1111111 11 tego przygotowanym 111111111, 111111 1111111 11111
11Ν1111111.0111111111111111011111111,«1111111111111-
111111 8111111111 11111111 1111111111, 1111111111 111111111 11
1111111111111111111111111, 111111 ju& 11111 11 11111 111111 111111
11111111111111111111111, 1111111011111111111111111111, 1111-
11111 1111 1 111111, 111 111111 0111111111 111111· 1111111111111 11111-
111, 1111111111 1111111, 1 111 111111111111 1111111 111 11111111, 1 1111-
1111111 11111111 0111111 1 11111111 rodem, 1111111,1111111111
1111111. 011111111111111111 1 111 1111111 111 01111 1111 11111111
1111111111111111 11111111111111111111. 1111111 111 111111 111111,
11111 1111111111 1Μ1111111111,1“11111111111111111111 1111111, 1111-
11111111111, 11111111111111111 111111111 11111 111111 111111111111
(1111111111), 11111 1 1111, gdyby mu 11111 1111, 1111111 1111111111,
1 111111111111 11111111 11 111111 11111111 1111111111111111111
01111111 1 111111111. 1111111111 111 11111111 111111 1111Ρ1111111
11111111111111, 1111111111 111 1111111 1 1 11111111111, 11 1111111
1111111 1111111111] krzywdy‚ ,1 11 1111 111111 111111111111111111- 1
,111111111111 111111 111 11111111 hylo do 11111111111111, 11111111111- ¹

,111 11111111 1 11111ιί11 11111 1111111111111.“ ’11111111 1111111111111- ¹

11111111, 1111111111111· 11111111111111111111111 11111111, 1 11111111
1 111111111111 1111111111 1 111111 111111111111 1 jego 11111111111, 111-
1111111111111111111 111111, 1111 111 01111111 0111111111 1 1111111
01111111 1 1111111111, 1111111111 wine 11 111111 1111111111 1111111,
1111111 1111111111 1 111111111111111 1111111111 111111 1 Ρ111 1111111
Marionburga.

11111 1111111111 1111111111 11 1111111111, 111111111111111 1111111 0111111111
1111111111 1111111111111111111 111111 mugram.

0111111111 1111111111 8111111 Κ111111111 1111 1111111111 1 0111-
111;1111111111111 1111111111 11 1111111 0111111111 111111Ρ11-
111111, 11 1111111 1 1111111111 1111111 111111 1111111111111111 111- 1

 

