111415. 1111111111 1111111111111. 601

111111111111111111111111 11111111111111, 1111111111 11111 1111111111)
1 przekupionego 111111 1111111111, 11111111, 111111111111111 11111111111111-
11111, 1111111111111 go, i 1111111 11111111 11111 1 11111111111111111111111111
1111111111 11111111111111111, 1111111111 11 11111 111111111111 11111111 11111-
1111111111 gesto od 1111111 1111111, 1111111111111111111111 ,11111 1111111-
,111111 1111111111,11111111111111 (1111111111, 1111111111 1 1111111111,
,1111 11111111· 11111111 1 gina 1111111 (111111111111,111111111111111111.“ W 1111
1111111 1111111111, 1111111111 1111111 111111, 11111111 11111111 Boga na 1111-
11111111111 1111111111, 1111111111 11 1111111111 11111111 1111111. 1111111
sie 1111111111 11111111 1111111111 1 111111111111 11111 11111111, 111111 do 11111
11111111 111111111111, 1111 miejsoowego 111111111111, 1 1111111111, 11
1111 111111 111 1111 1111111111111111 1111111111, 11111 1111111111 111111-
11111111. Β11111111111111111111111111 1111111111 11111111 11111 11 Salis,
i 11111111111111111111181111, 11111111 1 11111, 1 111111 1 1111111111
1111111, gdzie Bag 11111111111111 je 1111111111ιηὶ 1 1111111111 11111111
111111111111, 11 111111 1 1111111111 1111111111 11111111 sie 1111111111 1111111111

do 1111111111111111111 1111111 11111111111; 111111111 111 1111111111 sie 11 .

1111111111 111111 1111111111, 111111 1 1111111111 1111111 1111111111 1111 11111111-
11111111111 1111111111, 111111 111111 8111111 11 1111111 1111 1111111111
lato. Wszystkioh 11111 1111111 1111 1 ’1111111111 1111111111, 11111111 1111-
111111111111111111111111111, 1 111111 1111111111, 1111111111 11111 za 1111
1111111111 11111111. 11111 1111111111, 111· 1111111), rabin i 111111 111111-
1111, 1111111111111011111111, 111111 11111111 1111111111 1111111111, 11114
111111111111;1111111111111 1111 1111 111 nich 1111111111, 1 111111
111111111111111111 11111111111, 11111111 11111 111111 11 1111111111, 111111,
111111111111 01111111, 1 Η111111111111, 11111 1111111111111111111111
1111111111 11111111111111 1111111111 na 1111111111111111, 11111 1111111111111
111111111111 nie 111111 1111111111 111111 1111111111. ·

1111111· 11111111111111 1111111111 111 1111111 1111111, 1 1111111111 111 11111-
111 1111111111 1111111111, 111111, 111111 11 1111111111 ’11111 111, 1111111111

111 1111111 1111111, 1111 111111 11111111 1 11111111 11111111.

W 1111111 1111111111 1111, 1111111 1111 1111111111,11111111111111-
11111 1111 1111111111 1111111111, 111111111111111111111, 111111 1111111111 111-
111111111111 111111 1111111, 11111111 11111111 1111111111111111 1 1111-
111111 1111111111 1111111111 11111111 jak i pieszeg0‚ i 111111111111, 1111111
1111111111, 111111 1 11111, 1111111111 1111111111 1111111111 8111111111111111
11111111 111111111111111, 11 §eiga 11111111 1111111111, 11111 111111 nim

J. 11113111. 1111111· Polme. 111. xu. ,5

 

