xvm

Ρο000090160 0100010 49. 611. 8001901003109. 89001. 541.

800000γῦ1 m. 48. 487. 809010 100. Κο01. 328.

Ρο0000901ον0 l. 80000010, ks. ’1000001011 (Ther 80105. 81090100.
0050000010) 74. 116121. 132. 522. 8005101100101 05. Ρ1010.

800000γο1000 10 01000. 281. 319. 498. 516. 546. 800001 (800001) 1100001 0000. 403. 406. 537.
585. 590. 615. 618. 8005 05. 1000011.

· 800009010010. 010100. 213. 806 (8506001 wyspa 117.

Ρο000090100 ΙΙ. ks. 11101109. 372. - 869 zam- 117.
8000090100010. 0900. 60101. 110001. 464. 80110000 05. 100.
800959006010 w. 531. ’ 800000 0010016016. 89. 48.
800γο060 m. 47. 800010οΜ009 m. 467.
Ρο109010 (800γο9010) m. 277. 8001010 m. 367.
80000900 (81000100) m. 143. 570. 590. 801005009 m. 558.
80010(800010601100. izam. 288. 310. 329. 332. 8600 zum. 104.
334. 375. 377. 8010 5005 001. 75.
8016100 05. 100 Buryan. Roiyeow dom. 001. herb. 380.
8011100 0511115010. 8000005009 05. 01600905.
8019000 (801900) 0000. 475. 8000005009 05. J 0601.
Ρο11001 m. 346. 8000005009 1010000. 532. 569615.
Ρυο01000 burg. G01ub. 288.Ι 806900 (80101900) 8101000, 5000010100 100001. 151.
890609 m. 308, 600. 159.
8061900 09010110. 372. 373.
R. 8061900 90610001. Kujaw. 373.
audone 0. 10900 010.
80500190 0000. 347. 806011 10901 49001. 5101. 110001. 407. 408. 418·
800101 m. 441. 419. 424. 427. 432. 435. 438. 440. 441. 446.
· 80019011 05. 110010] 0 17001910 453. 456. 458. 460. 462. 464. 479. 484. 485.
80015000 m. 119. 589. 490. 492. 498. 546. 557. 582. 589. 606. 633.
8061111011 05. 001006. 634. 655.
806000 m. 69. 223. 271. 293. 310. 344. 350. 361. 80000110 54.

403. 485. 494. 501. 510. 512. 514. 548. 613. 80010149. 50. 63. 511. 515. 592. 611. 629.

630. 631. 637. 644. 646. 852. 800100 0100010 36. 43. 44. 49. 72. 88 99. 103. 109.
806000900 m. 65. 162. 215. 217. 242. 312. 365. 445. 468. 515-
80601 brat 111060 hosp. 11016. 384. 574. 595. 597. 611. 629. 639. κ
806010 (806010) 05. 11001010. 89500 w. 319.

806000 05. 1710005000. 8950111 0000. 546.
8060101600 m. 224. Rybnikl 0. 119.
8060100111 0101100100 97. 110 89080000 zum. 289.
806090 m. i 0000. 146. 182. 8990 m. 367.
80101 [0000090011 szl. pol. 506. 507. 614. 617. 620. 89000060 m. 211. 222.
80101100001000101 star. Lwow. 000000. 10111Ρο1. 800Ιο001105110100101.
500. 575. 643. 645. 647. 648. 8910100011 05. J 00.
8090010 0010001. 146. 8000000011 05. J 00.
8010016 0 8009000 525. 80960 560.
8010οΙ6 0 5110000000 538. 80900 m. 28. 111 112. 125. 211. 488.
8010 herb 001. 309. 8090001010 90010100 05. 11100009.
8010010100 1001000 586. 677.
80100010 1110Ιο 560. Ι,

8010000010 05, 4000109009.

800005009 (8001005009) m. 296. 308. 8900 m. 29. 525539. 565. 598.

80100 zum. 88. 126. 344. 349. 8060010000101000 10100. 72. 110. 201.

8019050ηο 1 8090005009 m. 161.· 806100 zam- 377.

8ονιο m. 63. 319. 320. 240. 511. 8000510 (100)Ιο0110,·ῑο0010015) 297. 300. 3³0. 394.
11ον0100 5005. 001. 650. 405.

80011600 dom. 001 herb. 265. 568. 579. 8000110010. Pomor. 371.

8000οΙιο 0100010 389. 403. 8000500 m. i 0001. 83. 385.

 

 

