11. 1411. 1111111111 11111111111111. 633

1111111111 111111111111111 1111111111, 111111 11111 1111111 1 1111111111-
1111 1111111111.

11111 111111 11111111 111111 1111111111111111111111 111111 11111111,
11111 1111111111111 111 11111 1111111111 1111111 111111111, 111111 111
111111111 1 111111111 1111111111 1 1111111111.

1111111111 111 11111 111111, 1 1111111111 1111111111, 111111111111
w 11111 1111 1111 11111111111111111111111111, 111111 11111111 1111 1Β11-
111 w colu 11111111 111111 1111111 1111111111 1111111 1111111111111
111111111111111111111 (1111111111 11111111111111111111111111-
1111111111111111111111111111,11111110111111111111111111
1111111111,1111111,Η1111111111111111111111111111,1811-
111 11111111 81111111111111,1111111111 1111111111 11 1111111
111111111111111111011111111,Η11111 11111111111111111111-
11111, 111 1111111111 11111111 11111, Β11111111111111111111111111-
sta 1111111111, 11111111111111, 11111, 1111 111111111 1111111111,
1 81111111111111111, 1111111111 11111111110111111111111111111111
111111, 1111 1111111 111111, 1111111111 111111 1111111; 1111111111 11111
1111111111111 1111111111, 111111111111111 1111111 111 11111111 11111 111111111-
111111111 1111111111 ,111 1111111111, 111 11111111111111111Ρ111111-
111, 1111 11111111 11111 krolestwo 0111111 11111111, 1 11111111111111-
,111 1 11111111, 1 1111111111ιί 11111111 1 1111111111 w (1111111111, herlu
,1111111111111; 111111 111 1111 1111111111 1111111111 111111 1111111,
,811111 11111 11111111, 111111 mu 1111111111 1111 (1111111111
,11111111 1111111111 11111111 1111111 11111111111111111 11111111, 11111-
1111-11 11111111 111111 1111111111 (11111, 1111111 1111111111 111111111-
,1111111111111 11111 11111111111111111111111111111111.“ 11111-
11111 11111111111111111111, ,111111111 01111111111 1 1111111 1111111-
,111 1111111111 011111111 1 1111111111111111 1111111111111, 1111111111 11-
,1111111111111 w 11111111, 1111111111 1111111111 111 1111111111111111 11111
,11111111111111111111ς Ρ1111111 111111 1 innomi 111111111111111
1111111111 1111111111 1111111111 1111111111. Ρ11111111111 11 11111 1 111111-
1111, 11 111111 11111111111111111111111 111111111111 1111 11111111
11111111, 111111 1111111 111111111111111111111111111 ,1111111111
,11111111 111111, 1111111, 11111111, 1111 111111111111111 1111111
„do 1111111111 (1111111111, 1111111 11111 1111111111 1111111111 11111
,11111111 1 11111 mu 111111 1111 111 11111 1111111111111111111,111-
1,11111111 11 111111, 11 1111111111111 1111111111,“ 1111111 11111, 111111·

1. ungu· 1111111111. 11 111 11

 

