’9999999999 99999
999 99999 ι999991 9999999999 9999999999 99 99999 ’9999199999 9999999 9999
99999 9999999999 9 999 999999999999999 ί93999999999999 999999 99999
op 999 99999999 999 ι9999999 9999999 99999 999999 ’9999999999 9 99999999
999999999999 99 9999999 9999999999 9999999999 999 9 4999999999 9999999
99999 9999999999 Ἶιι9999999999999 9999999 9999999999 99999 99999
-9999 99 99999999 9 999999 ι99999999 999999 99999999999 9 99 6999999
9999 m 93999999999999 ι9999999 9 9999999999 ί9999999999 9399 99 9999
9999999999 9 999999 9 9999999999 9 69999999999 9999999 9999999999 9999
999999 ι9999999999 999 999999 9999999 99 9999999 9999999 999

=· 9999999

9999999999 9999999 9999999999 9999999 99999999 9999 ’9999999 999999 9399
99999 9999999999 99 ί9999999999 9999999 99999999 999 99 9999999999999
999 9993999 9999 99999 999 ι99999999999999 9999999999 99999 9999999999
999999 999 999999 9 *99999 9999 *99999 999999 9999999 99999 999 99 ‘eos
1-9999 [99999999 9 9999999 (9999999 99999 9999999 9 9999 99999999 999
99999999 999 999 ί999999999999 ’999999999999999 99999 999999 999999
999 ’9999999 99999 9 99999999 99999 99999 99999 ι9999 9999 9 9999999999 od
9999999999 9399999 99999 9999999 99999 9999399 99 999999 99999999 9999999
9999999999 9999 ι9999999999 9 9999999999 99999 99 (99999999 9 9999999
9999999 99999999 999 993 99999 99 9999999999 9 99999 99999 99999399
99999 9399999999 9999 9999999999ιά ι9999999 999999999 9999999999 99

’99999999 9999999999999 οι 99999999 tuom 9999 ,
9999999999 99999 999 9999999999 *9999999 9999999999 9999999 9999999999 99999
999999999999999 999999 99 9999999999 9 mod 9999999 9999999 99 ’9999999
mn 9999999 9999999999 99999 999 9999999999 9999999999 999999 9999999 999

,9999999 9999999999 99999α
-99 999 9999 99999999 9999999 po 999999 999 99999 9999999 9999999999 9“
ι99999999) 9 99999 9999999999 9999999999 9999999 (99999999999 999999κ
9999999999 999 9999999 ’9399999999 9999999999 9999999999999 9999999ι
999999 99 999 9999 9 (9999999 999999 ’9999999 99999 9999999 9 (9999
999 9999999999 9999999 999 9999999999 99999999 99999999939 99 9999999999α
999 9999999999 9999999999 (999999 99 999999 9999999 9999999 999999
99999999999 999999 99999 9 9999999 ι999999 ι9999999 999 ,9999999

ml vg ’9999999999999 99999999 999

 

