11. 1465. ¹ 1111111111 01011110101111. 381

11111110111111·111111101110111, 1011 1101101111 1 1111011 1101111,
01101101011110110111110111111111 1 1110010101, 1110111111 111001100111111011
1101100111 11110011 11110111, 11111111 1101110 kara, 11110101, 1111111111 1101011011,
1111111110011010 1110011 11010011 011010101111011 1101100111 10111001110111101111
1111101110110111ὃ101011010181111111)1Κ111111110.
1011101101 11011111 11110111 Κ111100111, 311111 1111010 11111011, 1110111111
11110111 1101111, 1111111 11111101011111, 1111010111 03110111 11110111, 01011
¹ 111101 10 01111111011011111111 Marionburga 10010111 10111 1111110101. Alo
1011011100111011, 1010 1101101111ςο 1110101110 11010110 1111010110,1111110-
01110110 11110101010011110111 11111010 (11010111, 1 10 1101010 1010101111 pragnie-
110111 1010, 11100010 11111110, 1011011101010111, 01001010111100101110
na 1010 11111110 101 Κ11101100111, 0011111 0101 110111. 110 0110011010 101
1101111111 sie spowodowalo 1011100111 111110 1 011110101111110110 11011010 po-
’ 00101110 (1101110111, 1111111 im oznaJmili: ,1010101011101101111 110 111011
’ ,111111 1011101111 przebaezona, 1010111101111011 11011, 10011011 1111110101101·
,1111111 11101111 1 11111011111; w ’1110011111 razio, 1110011 1110110, 10 po zdoby·
,0111 11111 011011011οη11 11110010, 1110 111110 im 0111111111, ale i·ich 10110111, 1110-
,010111, 110110111111111111111011011111111, 0110100111 grozi 1111010.α 111
. 101 1101011111 1100110 11101110 w porze 1111101101 110 1110111 011111 1101111110,
po drugi 101 1010111110110101111110101 01010101 1101 8101011101, 1101111111
“ 111101 1111010, 1001010 1110 0101 01010100, 11110111 110 11110111 (1101101111
’ 1 w 1110110101 011101 0111110111 111 1110101111; 11010, 1111011111011, 1 1101101110
00111110 111101 mogh, do 81110 grodu 1111110111 w 11011011, 1111 100111-
1, 111011111111111110110100011 0110111101Ι 1111111110οό 1110111 0110101110, 11111010
ῥ 11101 wojsk 111100011011 10111110101101110111111.

1 11111 1 110111, 110 1111110111 10 11011111101110011110110, 1111101011 1110111-
1 111 110110 1 110101110111001111110111101111010 11111111 110101110010111111.

, 11111 1 81011110, biskup 1100100111, 10111011011 1 11111111,
g 111111010111011101· 10 Κ10110110, 11101 10 011ος0 1110111111 0101111010,
1 10111010 1111111011, 11110 1111111101ος0 1101111010 110100, 11111111 101110-
.; 01110110, 11110 0110011011101101110 1 111101 11011111 01010 1 11110111101011
,0 1101111111, 110111) 11101· na 0101101 1101101110, 1 1100111111 11001011 1111111 0111100111
1101101010 11110101010 Wlosssawskiego² 1111101111 10101101 111101 1 0101110-
1010110111011111, 1101011010, 1 01101111111011010111, 011011010111011010110·
J maszku 1010111101 11010111 111011, 11110 111110111111111110101 1101001101111110
λ, 11110 1 11111111 11010111 011001101010100 1111101110 1101101011 01011011011101101

1 1100011110, Po 01111111 11111111 11⁰W⁰ ⁸P⁰fflfflly 6⁰ 11101011· Alb⁰wi⁰m Mikim

 

