1. 1456. 11111111 1111111111111.

1111 1111111111 vm ι 11111111111111111111111 111 11111.

11811111 11111 111111 11. 81111111 1 1111 1111 Κ111111111
111111111111111111111111111111111Ν111111111111 Κ1111111,
111111 11111 11111 8111111111, 1111111 1 1111 1111111 1111111111
111111, 11 Ρ111111111111 11111 S. 1111111111 111111 1 11111 Ν11111,
11111 go 111111111111111111111111111 11111111 11111111] 1111111 boja·
11111 111111111.

111111 1111111111, 1111111111 11 1111111111 1111111 11111111111111,111
11111111 1111111111 111111 111111 1111111111 1111 11111111111111111111
111111ιί111 1111111 1111111111 11111111 n 1111111 11111 nuinburgo.

ι

01111111111111 111111, 1111111 111 111111 11111111111111 11111111
1111111 1111111 1111111 1111111, 11111111111111111111111 111111111111111-
1111 11111111111,111111111111 Ρ1111111, 1111111111111 111111111111
11111111111 111 1111111 111 1111 11111111. W (11111111 111111 1111111111.
111111111, 111111111111111111111111111111 1111111, 1111111111, ,11 1111111
,111111 1111111111· 1 11111, 111 11111111 111111111111 1111111, 1 111 Li-
,111 111111 111111 11111 11111111.“ 1111111111 111111111 11111111111111
11111111111111 (Goga) 11111111111111111 1111111111 111111111, 11111
111111 11111111 1 111111 1111111111 1111111111 1111111111, 111 (1111111
111111 11 11111 1111111111 11111111111111111 (11111111 111111, 111111
11111111 11111111111111111111111 1111111. 1111111 111111111111 1111111111,
1111111111111111 11111111, 1111111111· 1111 1111111111 1111111, 111111111
1111111 11111111111. 11111 11111 1111111 11111111 1111111111111111111111111111
1111111111· 1111; 11111111 11111 111111 1111111111111111111111 1111111.
I 11111111 1111111 11111111 111 111111, 11111 111 111 1111111111 111111
1111111111, 111111111111111 111111 nim 11111111 11 11111111, 1111-
111111 111 11111111111111 1111111111 1111 1 111 11111111, 1111111111 111111
1111111111 1 11111111111 11111, 1111111111 ,111 111111111111111· 1111111
,11111 111111 111 111111 11111111111111111,1111111111111,111111 111111
,111111111111111111 1 1111111111 11111, 111111 1111111 111111111111 111
,1111111111 11111 1111111, 1111111 1111111111111111111111111111 111111
,1 11111111.“ Ta 11111111 1111111111 11111 11111 11 111111 (11111-
1111111111111, 111111111 111111111 1111 111111 111111111, 111 111111
1111111111 11111111 111111 1111111111. 1111111111 111111111 1 11111111
1111111111111, 1111 1111111 111 1111111111· 11111111, 1 1111111111 11

 

