346 1199111199 1111911919911. 91463.

1919199111191919111911911 1199111191, 1199191191 991119 1999991919
11119, 91111111 11191919 11119, 1991999911 9919919 9911111 1119111191
91119911 9 1191191911, 1 9111991191 191 11 9191911191 1191111 99 99119111-
1111, gdy 1199991 11911111 119 9119191, 1 11991999111111 9919 11111, 1911111199-
11191 91191 11119111 919 111191 111999111 1 91191111 11911919 91911 119 191
91919919, 1 1911991911119 1911111911. potem towarzysze J'ego, po 9191999111
191 1919199119, 19 9191999119 9191919 9991199191 1911999 911919, 1119-
119111911919911991,19919119199119111199111 19 1119919119 11 111911, 99-
1191 9919191911911 1 991199919111 1111119911 111191991119199. 1119-
119191 1919919191 Ν91191911 1111119911 91191, 99199911991 im 11119111
199119999191119, 19991 11191 1 11911199191119 19 pale 1911111191.

Pavo} 11191111 119911 1111919. 1119191191199111111991191911119 :siem
kapitula m' 119919 91111919 89111919 ι 1991919919.

1190919191, 1119 1191199119 91111919 81199119, Ρ91191 119111
119911, 1199919191911991 19119111911119 191119191919191191, 9119111911 91-
91191911, 19 11119111119919191191, 1 9119119911 191111. 8911191111, w Pul-
19919 11919 991119911. Ρο91911919 go w 11119 11191919 19111919, w 19
1919191911911991111 S. 119111, 11111 1111 991 91119191 1111999111. Ρ9 111
19191191111119111 119191Κ9911191991 111191 Ρ91911119Κ9119·
1911 1919 11191111, 1919111911 1199991991111, 9119119 191119111119
11191919. Κ91111119119111911 Ρ19919, 1919191991 19199191 11999911 11119-
1919 9119199199, 1911919 11911 1911911191, 1991999119 19191 991911
119199191111911 1911919 11191119, 9991919191 1199111919 1111 Ρ91911
991911919191 by} 1911111119, 9111 19 9191911 119 1191919191919, bez 1111999- ,
1119119 11119111 1919119111 11999119 (1991919111 19111911, 191-19911199191 j
91191, 11119 19119111 1191111191 191111 1919111911, 1911119 9 819119 999-
1911 19 1191919119 11919991191). 1919191 199199991119111119111 1191-
111119119919111919191 1111911991, 991991919 1191911 Wrocimowski
1119919191111Η9119 9 1919991191, 9111 1911111119 191119 9 8191119 1
11911119119111919; 11119 tego, 119 91919199 19 1191119119 1111919119, 1999
1191 11111911 19111919 9 (1991919919 ((19999991999) 19191119 Ρ199· ³
kieg0‚ 1911111199, 1191911911119111999, 919199111111119119991 119199 2
moenik6w‚ 191119 9 091191111 19119191191119191911191, Piotra 9119-
1911119,11999919191911919919919119919.

 

