0. 1466. 00000000 0000000000. 419'

Pruskioh 00000000110101 1010000010 00000, 1 0001 0101100100 010 lub
00100100 11100010 110 1010000ἰο 0110101010 0 Βο10000000, 0 101010-
tom Ν100100110, 0100101010 0010000οι0 00 0101010010 (11100010, 00110-
001 0000010011 10 01001010 10100000 0111010010, 010 0000101010100 0100011011
0100001010 0 Βο10000000, 0101010010001001010 010000000οἰ01 1 0000100000
0101000100010100 0101 00010 0000000 0000100001. 11011001110000010, 10
boz 0010100000010010 0010010101 0100001011 01001 Pruskich 010 00100
11010 00000000110101 1010000010 00000, 1 Βο000010 80001001011000,
010100 10 00100010 0011000100000, 010001100100000100 0100010100, 0110-
000000, 1000101 0101001010 0100000οο 0100010. 110 01010 Bernard 010·οἓ
01101, 1010001 00100001εο00· 0100010101, 001000, 1010 1010010100 0001-
10 Βο000010 010 0001010 00 010000, 010 0010010101 0110001010 01001110-
skich 101100000100001 011001. 20000 0100 000010100010000100 tego, 00
0001010 0010000, 010 0100· 00000000, 11101000000 1000010000 0 0010-
111010000000011 0001000000· 00000. 1010110000 10 10000010 8000-

borflkiogo, 1010101 00100110 1010001011 01001 Ρ10011010, wysla} J 000
1110000000010000000100001101100100011000,110008001000110-
00010010 1000000000, 010 0000000011 10101 1 0100000 10 00011000· 00-
0000, 0 00001 100001 001100000011 1011010000 101010, 11000000 001011
011000111000100, 0110101010101010010000, 0010101000100Ι po-

1010000110, 1 010 10 000000111 0 101010100οο0 10 0000000000 0000000ιί000
010 00000000000. Gi 000010000000100 Βο0000100 800010001ἰο 1010
00000100081000010 01010010, 00001111010111000100010 N. 1110001 1010-
010’.10001110101101001010100, (11101000 110 0101000 100 001, 111-
000001100010101010 01011 00110 0110101, 0000000011 (11101010 0010 0100·-
00010011000 010100 Γ10000100 0 1110010000 (1010010 100100 1 ΕΙ-
1100, 1010101000011010 Bernard Szumborski, 01000100101011001
010100010001). 0101010000 000100000οἰ0 1001001000 11010011001010-
000οἰ 0110100010, 010 0000 0001100000 000100 000001 1000101000101011000
11010110 00 1010100101000, 0101101010110010010000, 1 0010011010,
0010 101 0100010100 01001 Ρο001101ι, 111100 1001010 0 01011100· 00001011
0101100110, 0 0100000101 1011010 Βο00000001011010010οΡ100, 000010-
101100000000, 110 11100011 001010 010 10 0101000010 11110 0010, 0 0001001000
110010010000, 1 0000001111 0 1010 1 0100000 000000οο010100001100000-
0000, 0000000100, 010 0010 101000οἰ0 0001010010 010 0000011101. 1001000·
1111000000 0000010011 10110 1 jogo 1010110 010000110101001000 0111010010
1111010101 0100010010 (10100100011000 00010, 010101000000010000,
10 00 00001 0000000000 0 0010 1010000100 00110 10 1010010 0000101010
0010001000. Sam 10110 801100 0101100001οο Prus 0100100010100010
0001001, 0101000000, 10 01010 01001 100011012 1110001000001010 001101,

 

