388 1111111111 111111111111. 1. 1415.

111111111111, ,11 111 J'ego pozyskania 1111111 11111111111111 11111111
,11111111 111 111 1111,; 11 11111 111 11111111 111 11 1111111111 11 11
,11111111 wyzula.“ Prosili 111111, ,111 111111 1111111111 1111111111 11
,11111 1111111111ιηί aprzynajmniej jakokolwiek 11111111 1111111111, gdy
„wszyscy 111111 1 111111111111111111.“ Zapytal 11111111 Scibor 111111-
111111, ,111 111111111111111111111 1111111111 do 111111111111111.“
Na 11 1111111111111, ,11 1111111111 11 11111 111 maja 1111111111, 11111
,1111111111111 byli opatrzeni 1111111111111 111111.“ Agdy Soibor
111111111111 11111, ,111111 1111111 11111111111111111111111111 1111
,1 111 111111 11111111111111111 1111111,κ 11111111 11 1111, „aby 111111-
,111111 11111 111 do 11111, 1111111111111 11111111111111 11 1111111111 1111
,1111 1111 11111111 111111 11111 1111111.α 111111111111111111111111111
Κ111111111111111 Ρ11111111, 111 111 11111111 11111 111111 1111111111
ο 11111. Po 1111111111 1111111 1111111, 1111111111111111111111, 1111111
111111111111111111 111111 Ρ1111111, 1111111111 1111111111 11111, ,111
,1111111111 1 11111111 11111111 11111111 pokoju, i 1111111111111111 11111111
,11 1111111111 11 1111111111 1111111111 ugody; 1111111111111111 11111 111
,111111111111111111111111 1111111111, 111111 111111 1111, 1111111111* 1111-
111111 111111111111111 [11111111 111111, 11111111 11 111111 1111111111
111111 1111111111 1111111 1 1111111111, 1 11111111 1111111111 111111 11111111·
11111, 1111111111 1111111111.

11111111 11111 111111 1111111111 1111111.

W 111111111, 111111111111 111111 11, 1111111111111111111, 1111111
1111111, 1111111111111111 111111 11 111111 1111111111] 11111111
11111 11111111 1111111111 11111 11111 1 11111 1111111111, 111111111111111
11111, 1111111111 Κ111ο111111 1111111111 11111 1111 1111111-111111
11111111 11111111111111, 11111111, 11111111111111111, Przemy·
111110111111111111,11111111111111111111, 1111111111-
1111111111, 11111111 11111111111, 1111111 (11111111111,
1111111111111111,11111111111111111111111. 1111111 111111-
1111, tego samego 11111 1111111 111111111111111, 1111111. Ρ111ο1111 ja

y 11111111111111111111 1111111111]ι 111111 1111111.

 

