238 1111111111 1111111111. 1. 1451.

111111111111111111111, 1111 1111111 11 1111111111111111111111111 1111111
1111111111111111 11111, 111111 1111111111111111111 1111 1111111) 111111
1111111 1111111 11111 1111111 111111111111 111111, 1111 11111 tego
1111111111 1 1111111111 1111111 111111111111111111, 11111111111111111,
1111111 11111111 11111111, 1111111 11111111111 11111111111111111111. Inue
111111111111111 1111111111 1 1111111111 0111111 1111111, 111111 1111111111
111111111111111111 1111111 81111111111181111111), 1111111 1111111
1111111111, 1111111111 11]· 1111111111111111, 1111111111 1111111 lusu:
1111111111 111111 111111111111111, 11111111 1111111111 (1111111 11-
11111 111 11111111.

11 1111111111111 1111111 111111 1111111111, 11111111 1 11111, 1111 1111ιί111
111111 1111111111 111111 111111111111111111 1111111111 11111111 111111.

1111111 11111111111 111111111 11111111111111, 111111111 po 1111111111
111111, 1111111111] 11111111 11111, 111111111 1111111111 11111111 111111-
111111 111111 1 111111111111111111. Ρ111111111111 111111 i 1111111111
1111111 1111111111 11111111 11111111111111111111 111111 1 1111111111
1111111111111111, 1111111 1111 1111 11111111 1111111111111111111,
11111111111111111111111 1111111111 111111 111111, 1111111111 111 ’
111111 111111 11111111 (1111111111, 1111111111 111 11 nimi, 111
111 111 1111111 11111111 1111 11111111. 111111 1 111111 S. 11111111, 11
1111111111, Β111111 8111111111 111111111111 111111111111111111111-
1111 11111111, 111111111111111 11111, 111111111111, 111111111111111111
11111111111111111, 1111111 111111111111111111, 11111111 111111 11111111
1 1111111111111111111111111 111111, 1111111 1111111111, 1111111 111111
1111111. 1111111111 11111 1111111111 111111 11111111 111111111 11 111111,
11111111111 1 1111 11111111 (1111111111, 111111111111 jego, 111111
111111111111111. 111111 1111111111111, 111111 111 111 11111111 111111 111111
11111111 11111111111111, 111111111111111 1111111111, 11111111 111111,
1111111111 11111111, 111111111111 1111111, 111111 11111111 1111111111
111111111111111111111 1111111. Ν11111111 1 111 1111111111 1111 1111111111
111111 11 111111 111111111111111111111111 11111 11111111, 11 11111
11 111111 1 1111111 111 11111111 1111111. 11111 1 11111111, 111111 1111111
11111111 11111 111111, 11111111 1111111111 1 111111, 1111111111 11111 11-
11111111 gotlna² 111111 11111. Ζ11111 11111111111111 1111111 1111111111,
1111111111111 1111111 11111111, 1111111111 1111111 11111111111111111
11111111 1111 11 11111111. 11111 111 11 1111111111 111 11111111 111 od

· 11111111111111111,11111 111111 11111 111111 111111111111111111111 11

 

