11. 1411- 1110101000 0101000010010. 613

0101010 001110 (11010 10 11010010, 0101 100101010001 11000101 1100-
011011 1 011011001 101100 Bogu 0 10101010 1 Krz 110, 1101111110 No·
wego 11110010 Κο100100, 00 00110111 010111 Κ1010001101,00101000
0 110101 S. 110101010011011011ε 0011111111 11000 101 110100101010100100
010 0 1010101 1001001111, 01101001 10111 1110010101 po 001011 01000001000
00 011000 01011 11001101, 11111 1 Wielkopolanie 010111 010100010
0101100111, 1011111 0011010101010 000001110. Ale 0100101 01011110 Κ10-
100010 10011000110 00100 0 011101011101101010010 010 1011010011
1101100000010, 0101001 1011110, 10 1100101001 11000110110010 001000-
(101010110110110 101 111 1100010 111000 0101001000 111011101 Ρο1-
000. Ζ 00110110 Νο0010100111011000 0101 010 1111 Κο01101010 11000
8001101010ιο 001110 111010 10 11111100, 11010001010000110010111-
1000 1111111010, 000010101 0 1111101010 11011110. Tu 0011011000001010
1110001101 1101, 100011 10101 10 010011 1101001101, 0 101101 110 Κ10001· ’
0100 1 Η111100000 10 Βο100, 11010 100 1110111110 0010011, 10100 01-
00000100101001100010, 01011 0100111 101000 1011001 010011 0111, 011111
01101001 100110100101100110 101011. 11000 1111 10101 0 0000110
01101 0010101100101 001001 0100 001010101 10101010011001010, Ka·
01011010 1111 101011, 0010101001 100101 01 1100010, 011101 0101011-
101, 11010 00011 010100010010011010001, 0 0010 01010 01100 0101010100,
00100101010010010 1000101, 0 10110 10 0111110100 10101000111010001, 1111
0 1111 1010 1010111111 01101100 1111001 1001011010011. Ζ 1110100101 101
001101 01111, 0101010101 1010101110 100010 01100101 011101010 0 0100010110010,
0110 0111101010 0001.

11110111 001111 1111101111 110 1111101010 10101010 1 1110101001 111100 1011011111ιο
1 111101111011110111 110010 10 110101, 111111111011111 110111 0111110 100
111010 10111111.

101010000111110111000010110110011 1 1010101001111,10011-
110100 010, 10 001011 101110 01000100011 1011001 11001010 11110110-
gierskiego, 100101001010000, 1001000011001001 1101010100 11000110111000
10001100 0000110 0 1110010010 0001100001 001010 101 0 01001000 101
1 0010010010 101110100, 011000111100010 010110000110 001 0 11001111 10-
1000000101000111101, 11110 0 1100101010 1111011 110110101101 1111
0 10100001001010010010, 001000000 11110 011010100101 0010011, 0 10101101
010101 111011101010, 110011010000010, 0001010 0101010 101101, 0001010110
1101110010 010 1101100011. 11010 00100, 1011011101 001000001 1000111, 1111011-
0100 1111 000011 0 1101011100101 110 Fr 1101110 0000100 11010101 100

 

