111461. 1111111111 1111111111. 461

,11111111 11111111 1111111 111 11111111. W 111111111111111111111 111
,1111111111111111“, 11111111, 1111111111 1 11111111, ,111111111111
,11111111 11111, 1 11111 nie 1111111111111111 111111 1111111, 1111111111
,1111111 11111111 1111111; 1111111 11 1 11111111111111111111, 1111111-
,111 tego naprawi6.“ 11111111111 111111111 11 11111111 1111111111,
1111 11111 Κ11111111 111111111111111111, 111111 11111111111111111
111 1111111 111· 11111 11111. 11111111111111111111111111111 1 1111111Ι 1111111,
1111111111 1 Pragi do 11111 1 11111111111 111111111111 11111111, 11111
11111111 111111111111111, 111111111 1111111111 1111111111, 111-
1111Η111111111111, 11111111111111111111111111, bo 111111111
111111 1 111111 1111111, 11111111111111111111111111 1 1111111111 11111111
111111· 11 111111111, 1111111111, ,1111111 Ρ11111 111111111111111111111
,11111111 11111111111 1111111111111 11111 111111 (11111111 111111,
,111 111111111111111111111111 (11111111, 1111111 11111111111111 po
„poprzedniejf 0111111· 1111111111 111111111111111111, ,11111111111111
,11111111 111111 1111 1111111111111111, 1111111 1 1111 1111111111 11-
,11111 1111111111 1111111 1111111111 111111 S. 11111 1Ι 1111111111
,1111111111111111111 1111111, 11111111 1111111111 111111 1 11111111
,11111111 1111111, 1111111111111111 11111111111111, 1111111111Ρ11- 1
,111111 1111111111111111111111111111, 1111111111111 11111111.“ 111
1111 11111111 11111111, 11111 11111111 11111111, ,11111111Κ11111111
,11111111 1111 11 1111111111, 1 11111 1 1111111 1111111111 111 11111 11·
,1111111 1111 1111111 11111111.“ 011111111 11111111 1111111, 1111111111·
1111 J 1111 tego 1111 1111111111 1111111 111111111. ,111111 111 (1111111)
,111111 Κ111111111 11111 11111111 111111, 11111 1111111111111, 1111111-
,11111 111111, 111 111111111 0 przymierzu.“ (11111111111111111111111-
1111111 11111111111111 Pragi, i quzeli, 11 1111111111 11 1111111
11111 11111111 1111111111 11111 1111111111111·1111111; 1111111 1 111111
1111111111 1111111111, 1111 1111111 11111111 111111111 111111111111111
1111111111, 1 111111111 1111111 111111111111, 111111111111111111111111·
1111. 1111 1111 J 1111 1111111111, 11 111 1111111 111 111111 1111111111
11111111 1111 11111, 11111 11111 111111111111111, 11111 111111111111111-
1111 1111111111 111111 111 1111 Ι1 1111 1111, 1 1111111111 11111111 1111
1111- 11111 11111111, 1111111111111111 11111111, 111111 111111 1111111
111111111111111111111111 1 11111111111; 111111 111111, 11 11111111
11111 111 111111 1111111111 11111111 1 1 111111111111, 11111111 11 1111111111
111111 Κ11111111111ο 11111 11111 1111111 11 1111111111111111 1 11111-
11111) 1 111111 1111111111111111 1111111111 S. Ρ1111, 1111111111111· 11

11111111 111111. 1111111111 111· 11111 11111 1111111111 ,1111111111 , ⁴

,1111111111 1111111111111111 11111111 11111111 1111111111, ,11111111

 

