314 66666666 6666666666. 61462. ,

161616 6 61616 Γ1666661616 (111661666161) 66666] (116 6611616616 616-
166 6661161666 6616666616, 61616 1616666616 1666666) 1 6 16161616 Ρ. 116-
ryi pod Giborium 6 161666 666116, 616166616666 1 66166116 661666 616616,
6661166666. Trzej inni, 16 jest: 1166616Β61661Β6166), 66111666 6616
66666616661616661 Β61666166ό6 66 16661 1 16161616 616116 6666116, J 66
16666661166116111666,1116661166661116166166611666 6616
16161 1616 6166661616 661666, 61666661666116116666161616 1161661666,
16 razu do 61611161 6166666116666, 66116 1661666, 616 66166 61666 661611-
1661, 661 616616 66661666 16666661. 11616616616616 66661166, 16166116
6666166611 6666666666 66 1666616666 8666616166, 61616 66 6666616616·
6166166 611611 16166616 166666, 66166666, 16161 61616 166616116, 6161 1661
66616666, 666661616 bez 616116. 1166666616 666616661161611666] 1111-
111616, 11166116 6161666616 1666 116166161611666 6666 6161611616
6666 1666. 161 66661616 1616 6 6616616 666616 1666 116166161611666
⁴ 11666 przyjaciol, 1616 661616 16166 666616 1 66616616 1661 166616, 16 61-
6666 1616 6 nich 661161611666] 11111616. 1166661 6666666 1616166 Κ16-
666666 6161666666, ι1616 6116666 6666666 6611616 16166666 Τ666611-
611666, 1166661161666666, 11166 6666611666 66 61616661666161,
sam 66116 6616166 6 6666 6661666116 1666 616166] po 161666616 mor-
16661666616616166166166116 616616. Κ166666 666161 6616616616 6 1166
616616, 616 66166 11666166666 6116166666 66 66661661 1666616666
6 666666 161 16616166, 6666116611 66 6 616616. 11161616616616Ζ66666,
61616 66111 1 16666611 6 61661661 616116 6661666666666 616 66661. 111-
161 j 661 Κ611166, 66166 61666 (616 6666661666) 6116616666 6161666 1616661,
661661161161661666, 666666 ι16161 6 666616 6166111 66 6166166616 61-
66661666, 6166166 16116666. 11666116 161661 161116 1161666 Κ66166-
611666 1 1666 Μ6166161611666, 616 66 616 66661666 6166661616
6166166666 161666, 6666611 6 6166616 616 66 6166616 6166611666 6 16166-
16166 666611 616666, 6 11166] 16166 po 11116 1666161661 Β16 66 16616 66616

6611616661.

11666611, 166 111616166616161661611661666 1 11666616611666, anion„

11616 66661666 81666616, 11666611, 6616166666 66611161661666,
1116611666 1 11666616611666 1616616616, 66 661 666166Ι 1166661616-
16666 8666116611 6666661616 66661166 161616. 1661166666 66 6 16161616
1166116. ’1166666661 61611666, 6166161666 66161611 666 6666161616,
16 161 16661666 6616166666

 

