xll

Κ5316ν59554 55. Kneiphof 126. 153. 201. 211. 219. 223. 263. 271-276
1555555 ob. J 55. · 286. 294. 312. 515. 545. 592. 593632.
1155555555. 1415151. 1115151 10. 14. 18. 20. 24. 27. 40. 74 88 9591.
11559555, 455645. zam. Rybnic. 546. 98. 102. 106. 107. 110. 127. 129. 130. 111.
155555 ιιι. 211. 222. 562. 564. 161. 201. 211. 223. 274. 276. 2852943111
Κ5555515515511 5555151499. 344. 349. 363. 378. 437. 499. 515. 632.
11555ρί55 5168. 155551 1155555515 komtur Krzyi. 332.
Κ555515551155555551 15551. Lubel. 22. 42. 58. 1555555515 369. 373.

139. 181. 155515 ιιι. 329. 359,
15555155 5 1155555151 pleb. 355555. 584. 15551115 51551521. 99. 233. 234.
1155551555 11151511 (1115955511) podkom. Κι51. 53. 1551555155511 9554551509.

228. 244. 1551555 ιιι. 531.
1155955151 85555 168. 155115 ιιι. 30. 38. 42. 69. 119. 130. 505. 548533.
111595ιί5155 5 Wianowe, 554515 (1455. 484. 613. 618. 632. 644.
1559551151955. Ηι5451. 1555555 m. 565.
Κ55γ15ογ 255559 147. 212. 214. 231. 261. 262. 15555115 m. 583,

271. 272. 276. 296. 300. 309. 310. 324. 329. 15545 ιι. 272.

345. 348. 349. 361. 367. 369. 393. 397. 402. 1555515 ιιι. 525.

405. 407. 414. 416. 417. 425. 427. 429. 431. 1545515 56515 3555595 Ρ54155ι555 495.

435. 455- 500. 620. 624. 637. 641. 649- 1545511 v. Ε511515555555 mistrz Kn52. 146231.
115151 ιιι. 38. 264. 265. 271. 277. 285. 341. 345. 341353.
1155555551 ιιι. 576. 367. 380. 391. 393. 402. 403. 405406401.
15555155551111. 344. 409. 418. 424 427. 428. 430. 431. 434. 138.
15155515 515555 145. 382. . 441. 448.

1155595545 5551511594. 555. 506. 507. 1545511 15. Β555ι. 168. 310. 344. 513. 584 586 ¹

1155655 (11555555) ιιι. 294. 325. 655.

Κυιον151ἰο5. Piotr· Ludwik Μ55155955 1555. 05555. 450. 483651. i

115155 5555 m. 489. 508. 519. 521. 523. 541. 546. 15451115. 1659. 1 Pol. 26.
634. 154511 15. Lignic. 585.
Κ55514511 5555151493. 1545511 ks. Lotaryng. 615.
15145955 ιιι. 1 zum. 381. 391. 154541 wojew. 05555. 621.
154541 1551155 05155. 31.
1·- Ludwlk z Bawaryi, patryar. Antyoch 397. 398

15555559 ιιι. 367.
tauhun (hubin) m. 497· 1555 5955 Kane. 55.

[0160 ¹1¹· 239· 15151 5 3555515 55. J 55 syn 15515.
15555559 ιιι. 288. 329. 392. 397. 412. m. 426. [mmmm m, 598,

1555554 951555ον.1155451 515. [mmmm m, 246, ,

1555554 1 Porudiyi mnich 551. 1555. 538. 539. 99190909, 9999991119,

4014)θῦ 711516 355· Luzwyn 441. 509. 553. 554. 591. 633. 636. 643.
1555594511 ob. 115151. 352¹

15555150 05105555 1w⁶w m. ι zam. 48. 49. 5555. 555. 45155.

15555155 m. 509· twowskn ziemia 44. 45. 555. 611.
15151515 (1555555515) w. ild. 83. ψη 1141. 57,

11555515 55. Κ55155.

115515551515 142. 2„

11695 (15541555) m. 487. 557.

1195155 ιιι. 248. 155541 herb 551. 284. 306. 334. 579.

11151515 zum. 532. 569. 15515595 15383.

1155555555 374. 15553511 5151. Κ5ι5155155. 465.

1155 rz. 50. · 155551, 15545551 ιιι. 599. 600.

119511 ιιι. 522. tam ob. J an.

Llpowiec m. i zam. 70. 155595 (1555515) ιιι. 182-184. 197. 199.

11551 ιιι. 597. Laws m. 476.

11155 7. 10111. 18. 20. 23625. 26. 36. 42-44. 1555955 m. 105. 162. 184. 200. 202. 211223
56. 79. 83184. 8890-92103. 106107. 257. 272. 286. 292. 306. 317. 321. 335

 

