11. 1159. 1111111111 1111111111111. 213

,111111 1111111111 11111 1111111111 11111111 1111111111111 1111111 spa·
,1111 1111111111 11111111 11 1111111 1 111 11111111111, 111 11111111111111111
,11111 1111111 Ρ111111111, 1111111 1 111111 11111, 111111111111111
,111111 (11111111. 11111111 celem 1111111111 11 1111 11111111 111111, 1111
,11111111111111 1111111 11111111, 11111111 11111111 1 Ν11111111 11111
„w 111111111111111111111111111.“ 111 11111111 1111111 11111, 1111111
111111111111, 111111111111111111 01111111, 1111 1111 1111111111
1111111 11111111 1111111, 1111111, 11111111111111111 11111111 111111,
1111111 111 jego 1111111, 11 1111111111 11111111 111111 11111111 111111 111111-
1111111 1111 1111111. Κ111 1111111111 111111111111 111, 1111 111111111
1111111111 1 111111111111111 111 11111 1111111 11111111 11 111111 11111111
1111111111, 1111 111 111 1111111111 ,1111111111111111111 111111 1 11111111-
,1111111111111111 herlu: 11111111 111111111· 111111, 1 111111 111111111,
,1111111111111111 11 11111111, 111 1111111111, 111 11111111 11111111 111-
,1111 111111111111111111111, 11111111 111 11111111 1111111111111 111-
,11111 1111 1111111111 1111111111] 11111111, 11111111111111111 111111111
,1 1111111111 111111 11111111111·.“ 0111111111 11, 1111111111 11111111 1111111-
111111, 111111 1111111111111111111111111 11111; 111111111 11111111,111111
1111111111 11111111 111 111 11111111. 1111 11111111 1111111111111111
11111111 1111111111, 11111 111 1111111 11111111.

11 111111111111111111111 111 11111111111 1111111 111111111111 111111 111-

1111 [1111111111 1111111111 1111111. 11111 1111111111 1 111111111111111111

11111111111111111111111111 11111 1111111111 11 11111 111111 1 1111. 11111
11 11111111 1111111111.

(11111111111 11111 S. Idziego, 11111 1111111111 11 811111, 1111 Κ1-
11111111 1111111111 1111111111, 1111111111111 111 11111 11111111 1Ι 111-
11111Ρ1111111111111111111111. Ρ11111111111111Κ11111111111,1111111 - 1
11111111 11111111 111111111 111 3111111111 11111111 811111111111, .
111 ’1111111111 1 111 111111111111, 1111111111111111111111111,
1111111111, 111111 11111111111 11111111 111111111111111111111111111 1 111-

1111111111111 1111 111111111111111111111. 1111111111 1111111111 1111111-
ozni 1111111111, 1111111 111111 1 111111, 111111 11111111 1111111111 11111 11111-
111, ’1 1111111 1111 1111111111 1111111111 11111111· 111 1111111111 11111111.
1111111111 11 11111 11111 Κ1111111111, 11111111 111111111111, 1111111 111-ἱ
111111 1111111 11111111 111111111 1111111111 go 1 trouu, 1 1111111111 11111
11111111111 1111111. Νο111 111 1111111111 11111111 11111111 1111111111,

111111111111 go 111111 1111111 mimo 1111111, 111 1111111111 111111, 1111111-
1. Brauon. 1111111 rome. Κι 111. 35 ,

 

