234 1111111111 1101111010111. 101451.

1101 11110111. 0111100 po 1101010111111 010011 11011101110111100110101,
1111111111 1110111011, 1011 1110111 1 81111111, 11111 w te
11001 1011111111 011 1101100101 1100101111,11111110 111111 01111001 1111,
1110111011 010101 11111 11100111 01111 011111 1111110011,00111111110111 11-
011100 10111 1101111, 1101101 10110110 10 im (1110 1110, 10110, 1101 1 110-
1111110. 1111101101 0111100111 w 0111111111111 1 0110001111 1111111110
101110111111. 81101110 101 1110010110 110111 Κ101101011101, 801110-
110101101 11110101101, 1110 im 110101111101001010111011111011
0111110101011, 11101110 1101011111110111, a 11011 1 1101, 1111101011 0111-
011111, 11101 000110 110111101οθ 101101011010,111011111 1111 10011111
1101011100101011110, 1111111101 110 11111110 11101011111110110010110, 111110
111011 11111001110101 10111110, 1011010 11110111 1111010110 1 10111110
0101101111 01010 111111 11110101111011 1111111. 110111 11110111111010, 1111-
1111110110111011110, 1101001111 po 110110 10111 1101010110 1 1100110110,
1111101111111 1110011111. 1110 1111011110 111111110111 11011 1010111010
10111111, 111 1011110110 10110101010 do 010111, 1111101 11111, 11110 0101-
1011 10 0110101 (1011111 0110 11 01110111, 11111111 011 1111101111 1111 1110111
1100111111, 1 111011101110101 10111111, 101101011110111011101110111111111

. ’ 1 1111111, 111 11 1101011011, 10110110011011111 110111111010101111011111-

011111 1111111 1011010 1110111 1101111111 110111. 1110 1111111111101 P. Bog
0111110111110111111 11 1010111110101 stogia 1111001110 11 1111111001 0111110
jugo 101111001101. 1110111011 1111 1101101110 Ρο10110, po 11111110111 1111
111111 010111 11001011, 11111110 101 1110101100, 1111111011111111111111
1101111111101, 01111010011110111011 111111 11011010 1101011, 01010 0100011-
11100111 1101101 11111 11100110010, 1111101111110 0111101111 101 11100111
111101· 111011 1111010, 011 1010101101111 01111111 11101101, 11011111 111101-
10111 0111111 101111111101111. Α 11011 111111011111011011011, 1 110111111-
110101101101101111,100111011111,1111010010111 1001011111 1 11101 011011
1101110111101111111 1 1101011, 1111110110 1111111 1111010111, 11111111 10111111
1111 11101110101101 111111 0111110111 10101 01111111, 1 1110111110 111 1111110
0111001010 111 1101111100101011 1 111 010111 11111111 1 11101011 0101111111, 110
101 011111 11011 1111011101 111111 (0110111001110111011 1 1011111111 01111111,
Ρο11101, 1110111111111 111101· 1110111111 1010110, 1101111101 1101110110
01110010 1011). 11011111001010 101 1111111011 1 1111 1110111010 1101011101101-
0110, 100111111001 1001 01111010101011111 011011, 1 1111111011 1010101 1011-
111111 1 11010 1111110110 10 011011. 1111011111 1 potem 10101011010 1111111
1010111011 110110 01011111111111101111 111111, 1111011111001111111 1101111-
101110 ; 1 1 0011101101 1 1 1011101 1001111111 1011111110 0101111111. 1111
111010101110110 00111 111001 1111011110, 1111101111 011 11010111110 011011
11101 1101111110101 1111111110 1100101111 1111011110011 10 1111010111, 111111

 

