1. 1471. · 1111111111 1111110111111. 525

,1111101 1111111111111101111111110011 1111111111 11111 101111, 010-
1111 11111111111 111111111111111 111111 1 11111111101111, 11111101011111111
1101111111 1 1111111011111 011011111111111111, 1111111011 1111 111111-
111111101111101111110,1111111111 11111011111111111011111-
1111111011011, 1101111111 1110111110 1111 1111111111, 1101111111
1111111111111110111 101011111111 101110110101, 11111110 011111111111111 11111-
10111 1 111111 10111111, 111111 1111 1110 111111, 111110 111111 111111-
11110 11111111111010111, 1111 111111 010111111101011. W 101111 1111111
111 1111 10 1011 1111111111 1111101 1101111 1111111111 11111101, 1111111111-
111111110 111111 1111111, 1110111111011111111111τ 1111111111 1 111-
11111, 10111011111110111 81110111111111, 111 1 1111011101·
11111, 8111111111 1111101111 1 81111110 81110111, 811111111
181111011, 1111111111 110111 (10111111 euriae) i 1111011111, 1111111-
1110111, 1111111 1111 111011111, 101101 111110101111111, 811111111
1 1111011111 11110111 1111011111, 11011 011111 1 1111110111
1011010111 81110111111111, 10111111 1111 1111011111, 811111 1 Mel-
111111,11111111011111111111110111011,11111111101111111-
01111. 01111110111111110101110, 11111 11111111111 11111 0111111110
011101111110 1011111, 111011111111 110111111111, 11011111 11111101-

111110 1111111111, 1111011111 101 10111 11111 111111111110,

1101111118111011111111110, 1011111 111111110 1 01111111111110
11110111, 111111101111 1 811111, 1101111110 111 1 1011111111 1111111111-
111 1111111111.

10111111111110 1111111111111 1111111 1111 1111111111, 111111-
111111 11111101 1 11101101 8111101101 (111110111111111111101 111, 011-
11011 111110111101111 11111 1 0110111111 11111 11101111, 1111 1 1111111
111111111 111110101011111111 11011 111 11111111111111111111, 1111111
11110 11101110) 1111101111 10 0 1101111111 mu 1111111111111111111,1111-
11111 1111111111111 Β11111 1111111 10 Β111. 1101111111, 1111111111
111111111101111111 1111111 111 1111 11111, 10111111 10 111110 1111111110
101101 1 110111 1111 1110111. 110111 11110 11111 1111111 1 111111,
111 11111111 1 1101 1011111111111111111111 1 0111111011111 111111 11111111101
10111 111111 11111111111 11 11011 111101111110111; 10111111 1 inni, 1111111-
1111 11111111101111 0111111 11 10 01111111 111011, 1111 111111 1111111111
811110111111111101 1111101011111111, 1111111111 111111111111111111
111111, 1 1111111111 1101111111110111111111011 1111111101 1111111111, 10-
11111 11110111 11111 11111111. Κ111111111 111111111111181011, 1111 1111-
11110 111111111111, 1 Κ111011111111110 81011, 1011110 0111011111
101101111110 0111111111111111 1111101111 1 1111111 101111111111 111,
111111 11111 11111 1110111 1 1010111111, 1111111111110 11011 111111-

 

