771466. 7777777777 7777777777777. 429

1777777777717177777, 7777717 777 777777 771717717; 7771777777 77777777 777-4
777177, 177777 77717777 771717 777 1777777 7 77777777777777, 7717 7777 7777777777
77 777177 77 7777771717. Ale 77777777 7777777777 7777777777 7777177777, 7 777771
771777 7771777. 7177177 7771777777, 777 77 7777177 77777177 17771777, 77777777 777177
17777777, 7777777777 7777777 77177777, 7 7777777717 777777 Ρ777177717, 7 Ρ7-
77777 7777177777 717777771777, 77777717 777 7 7717777717 77 77 777717, 77
7777777 Ρ777177 7 7777 771777 777777777 777777 777717 7777717717Ρ7777,
7 1777777717 177777 77777 ich 17777 7777771777, 777777 17771 77 77777777 01777777
7717777 777 777777 77777771 7 7777777 Κ771777777 7777717777 ο77777; 7777717177
77717777 7 7777 7777777777 Ρ7177 7 77777777 77777 7777717, 7777777777, ,777
,7777 77 od 7777777717 17717 7777717777, 777 7717777717, 7 7777717777 71777-
,17777 7777 777777777117777717; 777 7777777 77777777 717 777 777777 77, 77 71777777
,77717177 777777 771777 777777 71777777 771777777717777 7777; 7 7777777777
,7177177 77777 777777777777 717 7777177777 7777 7 777777 (7777777177, 777 777
“,777777717 7171777777 7717 7 777777 7 7777777 7777 7717777571 oni 77777 777-

77771717 7 1777777 7717777 7777177777 7 77777777777777 177777 77717777, 7 77777717 777
77 77777177 77177777 77777777 7 77777777777777 77777 17777777777717177777 Ru-

7717 7; 177777 7177 77777777 17177177 77777777 77717777 7 777777777 7771 7777-
71777777777777717, 77777771 777777777777 77177777 7777177777, 7777777777,
7177777777, 77777777777777, 7 77777777771777 7777717777 777717777, 77771777
77777 u 7777177717 77777 771777 7 77777777. Τ71777 777 77777777 7177777771
w 7777777777 717 777717, 771777 77 7777777777 7717777777 7777777777717 777-
7177777, 77777771777717 7777777, 771777 7 7177717777 rad i 77777777. Β7777777-
7777 7777777177717 7 71777771] 77777777 7777777717, 7717 77 77777777 77777777717,
77 717 777777177777 7177777777 777777 Β77 7777 7777177777 7777771771 go 777177,
7777717717 77 7717177 777777 7717777. 5171771717 777 71777177 777777777777, 77
777777 7717 77777777 7 7717 711777, 7 77777 777777777777 777 777777 7 177777 777-
1777, 77777 7771771777777777, 77777 7 7771777777 7771777777777 777177 7777777771
7 77717771, 7 7777777777 77777177 77177 17717, 7777717777 777771 77777177177777 777
77777777 777717 7777, 7777777711 do 7777771777777777 777717 7777177777, 7 717777-
7777 77 7771777 77771777 77777777 7 7717777. 0777717777 777777 7771777, 7 7717777
7777777777777 777777 7717777777777711777 77777717 7 71777, 7777 7177777777 77777-
7777717 7777 77717. 77777777 7 17771 Κ777777777 7777771777 7 77777777 po-¹
17777. 01777777 17777777 77717771, 77 7717 7777777 7717 7 77777777 77777 77777771
7771177777717777, 7777777777717 7777, 77 do 7171771777 7717777777 7777777· ·
777777 7777777777 7 7777717777, 7 77 7 7777777777 7777777 77777777 7777177-
777 777 77777777, 777 77 7777777777 7 7777777777, 71777777 7777777171 777 717
7777717. Α 77 777777777777 do niej 7777777177 77 7777777 177777777777717177777
77777777, 777 7777777777 177717 77777777 777177 7777777717 777 7777177, 77
7717777 17771777 777717 7 7777777777. 7177717777 77777777 7771777777, 7 77177

 

