1111111111 111111111111. 111461. .

,111111 11111111111111 111111 1111111111 zgonem 11111,
,1111111 11111111111111111, 11111111111111111111111 111111.
,1111111111 1111111111 111111 1111111111 11111111, 1111111111,
,1111111111111111111111111111111 1111111111111111 1111111111,
„W (11111 S. Μ1111111 1111111111 1 grobie. 111111111111111,
„W 1111111111, 111111 111111111111111, 1 111111111111111111,
,1111 nim 11111111 1111111 1111 11111 11111,

„I abym 1111111111111111 1111111 11 111111111111.

„Wy, 111111 111 napis 11111111, 11111111111111111 Zofii,

,Ι nie 11111111 1111111 za 111 11111111 odpoczynek.“

111111 11111111 11111111 1111111 1111111111 11111 11111111111111111111 n
111111 1111111111.

111111111111111111111, 11111111111Β1111111111111111 111111,
1111111 mu 11111111 (1111111111, 111111111111111· pogrzeb 1 1111111111,
111111111111 111111 11111 do Nowego 1111111Κ1111111 11 11111 S. 111-
1111111, 1111111111111111111, 11111111Ρ1111, Κ11111111111111
1111111111111111, 1 11111111 11111 1111111111 1111111111. Τ111111111111111
111111111111111, 1111111111ὃ111111111111,1111111111 11111111
111111 1111111 1111111111111111 1111111111 1111111111 1 11111111 Ρ111
11111111, 1 11111111 1111111 11 3111111, 1 111111111111111111111111
1111111111111111 11111111, 1111111 11111 111111 11111111111111111111
by} 11111111, 1 11111111 111111 1111111111111111111111 11111111 1 11111111 111-
11111111111 do 1111111111 111 1111111111. 111111 11111, gdy zuwagi 111 11111111
11111 1111, 111 11111111 11111111 111 1111111111111111111 1111111111111111111,
1111111111111 1111111111 11111111111111, j 1 11111111111111111111·
11111111 11111111, 1111111 1111111111111, 111111, 111 1111111111111 1111-
11111 1111111, 111111 1111111111 11111 1111 1 11111111 1111111 111111
Κ111111111111111111111181111111, 111111111111111111, 111111-
1111 1111111111· 1111111111 1111111111111111 1111111111, Sohimpelboin
1Β111111, 111 11111 1111 1111111111111 1111111111, 1111111111 111111-
11 1111111111 111111111111, 111111 1111111111 1111111111 1111111111111 111111-
111111111111111111111111 1111111 1111111111. 111111 Brunsborg, 11111111
11111111111111111111111, 11111 by} 111 8111111 1111111, 111111
1111111111] 11111111 111111, 11 111111· 111111 11111111, 11111111111111111111
111111 1111111111, 1111111111 sie 1 111 1111111111111 1 11111 11111111 do
1111111 11111111. (111 111111 8111111, 111111111111111111, 11111111] 1ο-
cy 11111111 do 1111111 1111111111111111111, 111111 111111111111111111-
1111111 11111 11111 1111111, 0 1111111111 11111 1111111111111. 1111111111

 

 

