111111111111111 1111111 11111111 1111111111
-1111 1111111111 11111111 111111 111111111111 1111111111 1111111111 11 1
1111111 61111111 1111111111111111111 “11111111111111111111111 ι111111
-1111 1111 1111111111111 1111111111 1111111111 1111 (11111111111111111
1111111 1111111111 11111111 1111111111 1111111111 1111111111111111 1111111
-11 1 1111111111 1111111111 11111111111111111 111111 1111111 1111111 (111111
11111111 1111 1 (11111111 11111111 1111111 11111111 11111111 1111 1111111111
11 111111 111111 111 έ11111 11111111111 1111111 11111111 1111111111 111
1111, (1111111 1111111111111111111 1111 1 111111 1111 1111111111 11111111.
111111 1111111111 11111111111111111111111111111 11131 1111111 11111111 11111
111111 1111 1111 1 1111111 111 11111111 11 111 1111111111 1111111 (11111
-11, 111111 11 11 1111111111 111111 1 111 1111111 131111111111 1111111 1111
1111111111 1111111 11 11 ί111111 111111 11111111 11111 1111111111 1111111111
11111111111111 1111111111 1111111 111111 1131111111 11111111 11111111
111 1111111111 11111111 111111 1111 “1111 11111111 ’1111111 11111111 111 11111 ¹
11111111111 11111 11111111 11111111 1111111111, 1111111111 1111111 1 1111
1111111 1111 1111111111 1111111 11111111 11111111111111111 111 111111 111111 11111
-11111 1111111111111111111111111 1111111111 11111111 1111111111 1111111111 1
111111 1111111111111111111111 111111111111 1111111 1111111 (11111111 111
-11111111111 1111 111111 1111 11 11111111 1 1111111 (1111111111 111111111111
1 1111111111 1111111311 1111111311 11111 111 1111111 11 11111111 ι1111
-111111111111111111111111111 ί1111119 111111 111111 (1111 1111111
-1111 11 11111111111111111111111111111111111111 ’11111111 1111 111111 1111 1111
’111111111111111111 1111111 1113 111111· 11111111111111 1111111111 11 1111111
-111111111111111 1111111111 8111111 11111 11111111 111111111111111111111 1
ς1111111111111 1111 111111111111 1111111 1 1111 111 ’11111111 11111111 ο111111
1111113111 1 11111111 1 ι1111111111 1 11111111 11111113 1111111111 11111111 111111
-111111111111111111111111111 1 11111111111111111111111111111
11111111111111111111 (11111111 1111111 1111111111 1111111111111111
-11111 11111111 ι1111111 111 ’1311111111111111111111111111111111111
’11111111 111 11 1111111111111 1111111111 ι1111111111111111111111111111
11111111 1 1111 11111 111111 11111 11111 11111111 (11111111111111 111 1111111111
ι1111111111111 11111111111111 (1111111 1111 ’1111111111111 1111111 1
11111111 1111111 1111111 1111111111 1 1111111111 1111111111 11111111 111111
ς1111111111311111111 1111 1111111111 111111 11111111111111 111111 111111)

1111111 11111 n 11111 nonaum] 11
mm 1111 11111 1111 1111111111 uum 11111 1111111 mrumst· 11111111

’11111 ’1111111111111 1111111111 11Ι

 

