’111 Ι111 ’1111111 11111 Ι1118111 't

11111111 113111 1111111
1311111111 1111 ί111111 11111111 1111111111111111 11 ί111111111111111111
(111 0111111 11111 1111111111111 ι1111111111111111111111111 11111) 1111
-1111 611111111 11111111 111111 111111111111111111111111 ί1111111111
1111111111111111111111 11111 1 1111111 111111 1111111111 11 1111111111

(1111111 11 1111111111 1 111 111111 1 ι1111111 1111111111111 11111 111111
-1111 11111111111111111 111111 1111111111 1111 1 ι1111111111 1111111111 11
11111 11111 1111111111 ’11111113111111111 1111111111 1111111 131111 1111
-13 1 11111 1111111 111111 111 11111111 Ξ11111111111111 11111 11111111
111111113 1 11111111111113111111111 1111111111111111111111111 111111 z

ψ 1111111 1111 111111 1111111 ’1111111111111111111111111111111111

-11111111111 111111111111111111 11311 ί11111111 11111111111 1111 ι1111
-111111111111 11131111 111 1111111 (1311111111 11111 111 (11111111 111
1111111111111111 111 1111111111 1111111111 1 11111111) 11 1111111111 ι11111

11111111 11111111 11111 11111 1111111111 11111 ι111111111111131111
111111 1111111111 1111111 1111111 11111 111 1111111111111111

’111111 11111111 1111111111111111111111111
1111131111 111111 ’1311111111 1111111111 111111 1111111111 111111 1111111111 11

“ Quom ‘lm ⁰1¹1 [111 Z! {mmm 91911 ’ΈΜΒΘΙΟΗΙ 13an ⁰1³1
-11111111111111 11 ι1111111111111 111111111111 ι13111111111111111111 11111
11111111 (111111111111 11111 1111111111111111111111111 11111111111111
-od 6131113111111111111 13111 11111 11 (11131 1111111111111 11111111 111
op 111111111111 1111111 ι1111111 1 1111111111111111111111111 111111
-11111 (111111111111 1311311111 ι111111111 ι111111111 (11111 ι1311111111
-1111111111111 1111111 ι1311111111111111) 111111111111 1111· 1111111
1131111111 11111 1311111111111 (1111111111 113111 1111 1111111111 1
ι111111 1111 1111 1111111111111111111 11111 1111111111 1111111111
-111111 111111 1311111 1111111 1 111 131111111111 11111111111111111 1113
’111111111111 1111111111111 11111131111111111111 1111111111 111 1111111
-111111 έ111111111ο11 1 11111 1111111111 1111111111 11111111 1 ι1111111111
111111111111111111111 11111111 (1111111) 13111111111 1111 111111 11111
11 ι131111111 1111111111 11111111 13111113 11111 s 1111111 11111111

111 1111111111111· 1111111111 1111 11

 

