111452. 1111111111 1111111111111. 105

[My 1111 [ultien 111111 111111111111,111111111111111111 1111111111

1111111111,1111111111111111111111111111111 11111 111111 nimio 1111111111 ·

1 1111111111 nexem 11 1111111111111 11111111111111 'mh 1111 mich
11111111111111111111 1111111 1111111.

11Ν11111111 111111 1111111111111111111 111111ιί111 11111 Ρ11-
1111 1111111111 1 Κ1111ο111, 1 11111 1111111111, Ρ111111ο11, 11111-
, 111111, 1111111111111111111 1111111111111111, 11111 11111111111111
1111 od 1111111111 1 1111111 Wielkiej Polski, 1111111111111111111111
1111111111 11111111111111111. 11111111 1111111111, 111111111 11811-
1111111 111111111111111111, 11111 111111111111111111111 11111111Ρ11- .
skiego 11111 1 1111111111 1 1111111111 we (1111111111 po S. 11111111

1111111111 111111111111111, 1 1111111111111111111 1111111 111111 1111111 1111--
11111111111. 11111111 111111, 1111111Ρ111111, krol 1111111111 1111111111
1111111111, mimo 1111111111 1111111111 1111111 1111111111, 1111111111 do 'Po-
111111, 11111 w 1111111 11111 1111111 1111111111 1 11111111 1111111111, 1 od
11111111 Pruskiego 11111111 111111111111111111. 0111111111 11111111 1111
1111111 1111111111 1111111 1111111 1111111111 Ρ111111111 1 Ρ1111111,
1 1111111111 1111111111 11111111 11111111 111111. Ζ Ν1111111 1111111111,1
11111111 11111 Κ111111111 1111111111 1111111 do (1111111 we 1111111111
1111111 111111 S. Ρ1111111 0111111111. 11111111Κ111111111111· 11111111 11111-Ι
11111 111111 111111111111111111111111, 11 Β11111111 1111111 01111111, 111-
111111111111111111111111111111, 111111111111 111111 11 11111111, 111111
1111111 1111 1111111111 do Ρ111111, 1 111111· 111111 8111111111,
11 drugiej 1111111111 1111111 111111 1111111111. 11111111111111111111-
11111111 w 1111111111 Ρ111111111 1111111111, 1111111111 11111111111111111-
11111 1 1111111111, 11111 11111111 111111111111111111111 1111111 1111-
11111111. 011111111111111111 111111 1 1111111 1111111111Ρ11111, 111Ι
1111111111 11111111, 11 11111111 1 11111111 1111111111 11111 1 11111111 1111111111,
111 111111 mu 1111111 111111111111. 1111111 11111 111 111 1111 dola 1111111111
Polskiego, 11111111 1111111· 111111 1111111111111111111111111, 1 111-
11111111111111 11111 1 1 1111111111 1111, 111 111 1111111111 111111 (11111111
Ρ11111 11111 111111 11111 11111111, 11111 11111111 1 111 11111111111111111 po·
111111 sie 11111111) 111 1111111111 1111111111 1111111. Κ111 1111 111111, 11111111-
1111111 11 11111 111111, 111111111111 111 1Ρ11111111, 111 1111111111
111111 11111111111111111111111, 11111111· 11111111 1111111111. 1111111111 11-
111111111111 sie 11111, 11 1111111 1111111111 1 1111111, 1111111 11111 11111111-
111111 11111 w jego 111111, 1111111 11111111 111111111111111111 11111111 11111111

111 111111111111111 11111111111111111111 do 1111111111, 1111111 1111 11111111
J. 11111111. nnus· ΡοΙιΗο. xu. m. 14

 

