1. 1415. 1111011111 001011010111. 191

1010111 011010 Roga 011001100οε 00101 10111 1110100000 111011 100110·
01100010 00000 011010 0 10100010, 1 1111000 domu 1000101000 00100 00-
10011001. 01010010 0000111 101110 1001110 000101011 10 011110 10100000
1010101001 1 0000100100011 01100110 110010101010 1 01101101000110, 00110100
11110101 10100010 81110011011000, 001101000 00 1101000100 Kra-
1000110, 1010011 0101001 1 10101100 Κ10100000.

111110 01100010 1110101010 1010111011110.

111010 00101101010010 (1110100 0010110110. Po 100 1010 1001010
010100 010110101010101 1010110110. 1101001000111001.,81011010010
011000 0110011101101110 00110 00110001010 0101010 10101010. 11001101,
0 Ρ10101 00 0100100101οἰ Βο1000 01010, 0100 011001110001 0111010011110-
010010001, 0101101 000111010010010 sam 010101 101010110, 010101101010
1011001οἰ, 1 00100100010 11000 000 1110101000 00110, 11010 1011 011001000-
0000, 000101111101011011 111110 0110111 00110100 10000111 0010010000
00100 101100101, 01010110010110110100001100010 10 01010 1010101000, 110-
111 0110010110, 11110 0101010 110010001, 0000110010 00 nim 001010 1 01000
10 010010 1 10 01010. Ρ1101 0010 1010 00100010 00 11110011 1110000001 110-
0100100101111010 0110011100, 0100101 101 011010; 10110110010101010
00110101 1010110 1 1100010 01011010000101.

1111 1111111011 1010111010101110000101010, 1101011000 00111111 0011110 0110-
101001 1110110 11110000, 01101 00 00 011000 0101110000 110 101 0110111000
11010101001010100, 00101000 011000 0001100 10 1101.

1101110101, 011101 S. 1010 (1110101010, 1101000 000111110 10011
00110 0 Ρ101110010, 0011111010 101011000 01011001110100 00100001 Ρ10-

01101, 1 01101010, 0 001110 000011 1000111011 10010000 1101101011 00· ,

010010. Ale 010 10101 1010 110 0010001 010110101 011010 10100000 0010110,
101001110 101001010 1 1101010 1110100010 10 101000 001010. 11000 0 101-
01000 101001100101100000010010, 01010111010 01101 0101010110 11010 1 10-
110010110, 10 000010 1111000110 00101110 1100110000101 011000000001 111100-
, 0101, 1010010 00011110 01 011010010, 1 1011010 010110 110110 0011010 0 010· ·
0010. Wielu 001011010100 010101, 010 00 011010 10 010011100, 1101 101000
00100101οἰ0 110 1111 1 0010010 10100,.10 011001011 1101101 001010010 001110-
1000 0110101000 1 10010111 0010 0110 110100100 10 011000 11011 1100110 0.
1101 1010001010 010 1 000110 101 1000010111 0000011000 10010010, 010

 

