 

9999999 999999 9999999999 6999 9999999999 ι99999999 999999999 (99999999

99999999 9999 9999 999999 9399999οᾶ 99999 99999999 999999999 9999 99
9 ,9999 99999999 9999999999 9 9399999999 9999999 9 93999999939 M 999999

999 69999999999 9999999 ι9999999) 9 99999 9 ι9999999999 9999
999 99999999 99999999 99999 ‘asos 9 ‘musta 99 999999 mesum
ofiegqslod 99999 9999999999 99999999 99999999990 99999 99 999

9 999 99999999 ,9999993999 9 99999999 99 99999 9999999999 999 9 9999999999(6

 

99999 99999999 99999939 M 9999 99“ 99999999999 9 9999999 ί9999 9999999 9999
-9993 99999399 9999999 999999 9 ι9999999939 M 99999 99999999999 9999999
9999999 999999 9999999999 999 9999999999 999999 939999999999 9 999999
9999999999 9999999 999 93999 ι99999999 99999 999999 999999999999 ξ 99999999
’9999 9999999 999999999 9 9999939 M 99999 ι99999 999999) 99999999999
999939 M 993 *99999 9999999999999 9 99999999 999 999 9999999 9999999999
99999999 99999 999999 99999 9 999 9999999 ι99999999 9999999) 999999 999999
99999 9 993999 9 999999 ι99999999 99999999999 9999999999 9 ι999999 9 99999
-9999 9999999 999999 99999999 Ι9 999999999999 9 9999999999) 9999999
999 99 ι999999 99999999 ι(3999999999) 999399999999 999 99999999 9999
999999 ι99999 999999 999999 op 999 99999999 (9999999 9999999999 op ι9 99
99939 M 9999999 9 9999999 99999999999 999999 9999999 9999999 ι9999999
99 M 9999999 9 99999999 9999999999 *999999 ,9999 993 9999999999)
-99 9399999 99 99999 9999999999 op 9999999999 99999999 9999999 99999 9
*99999 99999999999 9999999 9999999 9999999999999 9399999 99999999 999
,9999999999 999 9999999 9999999 9999999999
99999 9999999999 9 *99999999 999999 999 99 ι99 9999999999 9999999 99999 99)(ζ
99999999 999999 ’999999 9999999999 999999 9 99999 99999, 99999 9 99999 999“
99 ι99999999 999999 ι99999999919999999999999 99999999999999 993999( 9999999
99999999 9999 f ,·,9999999 9 99999999 999999999 999 9 9999999999999 99999
99 99 9999999999ι 9999999999 9999 9999999999 99999 999999999999 99999999 999“
99999 ’9999999999 9999999 99999 9999999 99999999 999 9999999999 9999999999“
9999999999 99 999 *9999999999 999999999999 9 999999 99999999999 999 99999999(
9999 9999999999 9 [9999999999 99999999 9 ι999999999 9999999 9999999999 9999(
99999999 99993 99 9 999999999999999 9999999999 9999999 99999999 999999996
99 99999 9999999 9 9999999 999999 9999 9999999999 (99999) 999999999 9 999“

, 999939 M 99 999 ,999999999999 9999999999 9999999999 9999 9999999999
9 99999 99 999999 99999 99 999999 έ9999999 9999999 999999999999999 9999 99994ί
1 999 999999 9 999 9999999999 99 ’9999999999999 9999999999 9999 999999 999 99“
ἐ ’9999999999 9999999 999 9999 M 9999999999 999999 99999 9999999 M 9999999
99 9999999999 9 99999 9999999999 99999 99 ι99999999999999 999999 999 9999
9 ,9999 99999 99999κ 999999 99 9 999999 99999 op 999999 999999 9999999 9999
“ 99999999 9999999999 99 99999 ί9999999) 999 99 ,9999999 999 99999999 999999

ῑ 99999 Ἣ ·99999999999999 9999999999 . 069

 

