-999 9 999, Γ999 999 99999999 999999999999 9999999Γ 9999999 9999999999 9
999999999999999 9 99999 999999Γ ΓΓ9.Γ999 9Γ9999999999 9999 Γ999993993999
9999999999 999 99999 99999999989999999 99 9999993 999999999 9999999
-999999 Γ999999 9999 9999999 9999999999 999999 99 9999999 999 9999999
9999999 999999 9 9 Γ99999 99999 999999999999 99999 9 999999 9999999 9999999 9
99999 9999999 999999 99 Γ999 9999999999999 9 Γ99999999 99 99999 9999
9999999999 9999999 999999 9999999999 9999999 9999 9999999999999 99 9999999
-9999 Γ999999 9999999999 9 9999999 99 99999999 Γ9999999999 9 9999999 9999999
99 999 99999999 9999999999 999 99999999 99999 9 999999 9999999999 999 Γ99999
-99 999999999 9999999999 9 Γ999 99999 99999999 999 99999 9 ΓΓ99999 99 99999
99999 999 9999 999 9999999 99Γ9 9999 9999999 99999 999999 9999 9 9999999999 99 999999
99999999 999999 9 99999 9ΓΓ999 99 9999 99999 9 999999 990979. 9 99999 99999
-99 9999 ‘990999991 99 9999999999 ΓΓ9999999Γ9 9999999 9999 999999 99 Γ99999 99999
999999 9 ‘9999991199999 9 9999999999 Γ999999999999 Γ9999999999
-99999 Γ999999999999999 9999999 999999999999 9999999 99999 999999
99 9999999999 9999999 99999 9999999999 9999999 Γ99999999 9999999 99999
-999999 999 99999 9999999999 9999999 ΙΓ999 99 9999 9999999 9999999999 9 999
99999999 9999999999 9 99999999 Γ9999999 999999 999999 Γ9999999 999 999999
-99999 99999999 99999999 9 9999 999999 9999 9999999999 999999

·9 199 999
9999999 9999999999 999999 9999 9999999199 99999999 999999 9999999999999 ’99999999
999 999999 999999 9999999999 9999999 9 999999 99 Γ99999 99999999 99999999

’999999 99 9999999 Γ999999 999999 999
-999 9 99 9999999999 9999999999999 9999 Γ9999999999 9999 9999 9 999 9999999999
99999 Γ999999999999 9999999999 9 9999999999 59999999 999 9999 9999999 Γ999999
99999 9999999999 9 99999999999999999 99999999 ‘9 9999999 99 9999999 9 9999999
999999 ,999 έ99999Γ9 9 99999 9999999999 9999999 Γ9999999999 99 99999999
9999999999 999999 99 99999 Γ99999999999 ,9999999999 9999999999 99999 9999999999
-999 9 ‘99 9999 99 9999999999 999 9999999999 Γ9999999 99 9 9999999999 99999
99 9999999 Γ9999999999 99999999 9999999 99999999 99 9 9999999 Γ99999
-999999 Γ99999999 9999999999 9 9999999999 9 9999999999999ς 9999
-9999 9 99999999] Γ9999999999 999999999 9999999 9 9999Γ 999999
-9999 999999 9999 99999 9999999999 9999999999 99999 99999999

99999999 999 999 999399
Γ9999999 9999999 99999 999999 ’999999 9 9999999 99999999 99999999999999 99

999 9999999999999 9999999999 ’699191

 

