100 11010000 (11ογ00000001 298. 314. 1001000010051010 wil. 458.

100, 0γο 10100010 0 Το00000, 01000010 1105001010. 100 Ηο0000050009 00101010. 00. 461. 462. 503.
mmmm smmmmmffl

1000 3000000011 5101, 110010. 2. 303. 386. 452. 530. 100 11000010 0001000. 81001001ομ468. 1
545. 550. 565. 597. 837. 646. 648. 654. 100 110050 (de 110ον0) 10000100οΚ001469.

100 Regula 00501. 8101510100. 304. 100 100. 8000001189.
100 0100101011 010000 10οὁ1. 631. 100 11000000 0001010 Το0000. 484.
100 3101010 0011000. Lelow. 304. 100 0 11100001 0101010. Κο01. 485. ,
100 0 800010100304. Ι100 [1000010011 010000 1051. 620.
100 syn 8015000 0001000. 001001. 308. 100 Mutilo (Μο00110) 0001000.Ρο(101 487. 510.
100 Νο0οΙ 070000 309. 100 0110090000 1000110001. 651.
100 0000000001οΙ 50050 8000010000 311. 1100 1110100100 489.
100 11005009 00100 00001. 317. 1100 mnrgr. Brundeb. 649.
100 1100100010000, 010010. 627. 100 5101. Lawentyfiski 491.
100 11010ογ10 0 05010100010 319. 100 3010100101ἑο 00005. 00000 491. 517. 525-527.
100 1.γοοκ000101 utar. Βο10. 319. 533. 538. 614. 627.
100 [11000000 rye. pol 334. 100 000000 0 Ηο0100497.
smmmmfflmffimffl umwfflwffi
100 Τ10000000 00100000. Κο01. 347. 100 1000101000 100. 110001. 509.
100 1110110000 00100000. Κο010. 347. 100 0 Το000000000 l. Το000000000101 pose} 0000.
100 Βί01γ 0 8000010000 3511. 533. 544. 552. 621. 502. 619.
640. 641. , 100 11101οό5100 0 81000100 000100.Βο10523. 624.
100 1111010100 (10110000001000. 367. 425. 439. ,100 1101055100 1000. 11001. 503. 527.
100 ΧΧΙΙ. pap. 368. 100 5101. Ρ100101000010100 517. 525. 526. 532. 533.
100 00000011100011369. 538.
100 1010000005. 7. 100 51010. Jagier. 519. 533.
100 81000 374. Ι100 10000101 579.
100 1001001011 ryc. pol. 380. 382. 406. 100 1010001οΙ 522.
100 111οο000011 podczaszy 644. 100 0 [01000000 110100000101011011000001010.
100 110γο0000, Κηγ1. 381. 525. 598.
100 11000000 burm. 1000001. 387. 100 1100000011 000000. 00. 573.
1000 0010οΕ15100. 387. 100 (1001000101 1000. Ροο0. 636.
100, 8010000101 000. 001 389. 100 81000010 000001. 537. ‚
100 1010 (zan 391. 394. 413. 421. 422. 426. 100 Το00100579.
100 1109010 0 8001000100 0001000. 110000. 400. 100 51010. 1000010101 (110000101589.
100 Ρ100101010 0 1111100010, archid. 001010. 400. 100 1010011011 11γο00000011) ryc. pol. 040.
401. 404. 469. 100 10001000 w. komtur Pr. 053.
100 0 80000ογ 0001000. 100000. 6. 100 100000 51010. Pomez. 653.
100 8101110 005010 qu. 641. 649. 100 80051001 1801005000) pleb. 10010. 0000101. na
100 51000190, 00. 001000, mista 1011001. 402. 8100100 540.
100 1010 (80010) 0100. Ornet. 403. 407. 409. 100 000. 11εο0001010 0000010000. 541.
100 (1000001, 801100001579. 100 Ρο001000000000 0001000. Siodmiogr. 505.
100 1100010100000101 star. Drahim. 413. 442. 100 1105000001οΙ 0 1100101100 576.
100 0001000. 111001. 417. 100 1100000011 pose} 00. 620. 633.
100 quyk pisan 8100010. 581. 100 05. J 00000.
100 800ογοη 1100101100, 00005 420. 421. 477. 491. 100100 5005 001. 561. 568.
498. 557. 614. 619. 624. 634. 100000 100. 0000100100.47.116. 121. 139. 140. 143.
100 Κο00000 00100 1105100100. 425. 213. 228. 233. 235. 292.
100 1100010000, 00005426. 10000010. Zegafi. 322.
100 00100060 100001. 11101ογ0000. 439. 455. 100000 syn Bol. 100. Μο0000. 176. 319. 337. 511.
100 8000010 (80500010) 442. 602. 603. 621.
100 Bycen komor. 001000. 442. 100000 ks. 0110010. 516. 522. 590.
1005101000 Ροο10001. 447. 100000 syn 11001. 10. 110015. 243. 606.
100 10100000000101 001. pol. 452. 1000000 [1109000 0 Ν10001000000, 110100. 1000. 599.
100 Η10000101οΙ 0 8000050000 452. 1000000 800010 000. pol. 72.
100 Ηο110000 (0000010000100455. 100000 0001000. 81000010. 75.

 

