432 1111111111 111111111111111. 111466.

01111111, 11111111111 11111, 11111111 111 1 1111111, 111111 1111111111
111111111111 11111111111111111111111 111111 Ρ11111111. Ρ1111111111111
1111111 1111111111, 1111111 1111111111 (11111 1 1111111111 11111111 111111
111111 11111, 1111111 1111111 111111111111111111111, 111111111111111111111
1111111 1111111. 811111 1111111111 1111111111, 1111111111111111111111111,
11111111111111111 1 11111111, 1 1111111111111111 111111 11111 11111111,
11111111 1 111111111111111 1111111111 11111 1111111. W 1111 (1111111111 1111111

1111111 11111 111111Β11, 111111 1111111111 1111 1111111 11111111111111111,
111 1111111 11111111 111 111 11111111. 1111111111 11111111,11111111111111
1111111111 111111 11111 1 1111111 11111111 111111, 1111111111111 1111111111,
111111111111111111111111, 11111111 111111 111111 0111111111, 1111111111
11111111 1 1111111111111111 11111111 1111111111. 1111111111 111111111111111111-
1111, 111 111111 111111 11111111111,11111111111111 1111111111 1111111111Ιί
1111111111111111111111111 11111111, 1111111 1111111111111111111111111, 11
111111111111111111111111111111111. 1111111111 11111 1111111, 11111111
11111 11111 111111 11111111 1111111111, 1 1111111111111111111111, 1111111-
1111 1111111 1111111111, 1111111 1 11111111 1111111 1111111111 1111111111,
111111111111111111111111 Ρ111111111, 0111111111111111111111-
ska. 1111111111, 0 111111 1111111111 111111 11111 1111111111111, 11111111
1111111 11111111 1111111111 Ρ11111111. Κ11111111 11111 1111111, 111
111111 1 1111111111111, 11111111 11 do 11111111111111111111111111111-
111 111 Rudolf 111 11111111 1111111111111. 11111111, 11 1111111111111111
1111111111111111111111111 1111111111 nie 1111111 11111 11111 11111111,
111111 111111111111111, 11 111111111111111111. Ρ111111111111111111 111111
1111111111 11111111, 111111 11111 111111 11111111111 11111 11111111111111,
1111 111 111111 1111 Β1111111, 1111111111 11111111111111111111 1111111111-
11111, 11111 1111111 11111111, 111 111111111111111111111111. 111111 111
1111111111111 1111111 1111Κ11111111111111111111111111 1111111 1111,
1 1111111111 1111111111 1111111111 1111111111, 111111111111, 1111111
1111111 1111111 ratini, 111 111111 1111111111 1111111111 1 111111111111·
111111111111111111111111 111111 111111 1 111111111111, 1 111 11111111
1111111111 11 1 1111111111 11111 111 1111111111 111111 1111111111 11111. chuia!
1111 krol 11111 11111111 1111111 1111111111111111111111111111 11111111,
111111, 111111 1111111111111 1111 1111 111111111111111, 1111111 11111111
1111111111 1 111111111111111111. 1111111111111111111111111, 111111 11111,
11111111 111 111111 1111111 (1111111111, 111111 od 1111611111111Β11-
1111, 1111111111 Κ111111111111ο, 81111111111111111 1 1111111111·
11, 1 1111111111Ρ11111111, 11 do 11111111111111111 111111 11111111
111 ΙΙΙ, 11111 111 11111111 11111111 11 11111111Ρ11111111ο 11111111, 1111·
’ 1111111 111, 111111 1111111 1111111111 1 111111 1 11111, do 1111111111

 

 

