91111) 1191919 ι999191911919111119119 9119 op 9999919199999 (9191991193
1 ·-9119191391111999199191111 9391119991 919111 9919919999991

91999111 1919911 1111 11191 ’99911
9191 99111 9119 9111999991199 mul 9191911119 ’919999919199119119 1199
1 mmm ! 1119191991 91911111 99119191 9391119991 9911911111 9199191199 9 91911111

1 9111919919 9 93 19919911 939111 1
f 191119911119199191919919 11199199 9 1911119199 199911 (9999999199
“ 99999999 9199919913 91119 9911999191 93911111 (9391119191911 9199191911
91191999199111 911919919199 91999 1191 19991199 ι91191119119111119 ’99
-1991911 9191119119 ι19119191) 91191 1191999 9999399919 911919 91191119 9111111-
ξ1111111 919119 91111119 911111 ιθ1111111119 ’111199 11 11119
9199911191 1111999 9111199999 991191911111999 ί9391119911 9119111911 911119

1 91911911 1111911199 919111 11919911 9191911 9391 [9119 1911 91911111 9 911
9119 939119991919111911391993991919 ’939119119919199191911911
9111911 9391919191919 91199 91911999 1199911919 19199911 [9199111 11911 99999
-991 9111911 9111) 9111919919 9191 9111111 99919 111111 199991193911991199 11191991
9111111999 ι9139111911 9199191911 91919 9111 919919919119 11991191 91 ’1111919119 919
-1111 999191 191999 919 911319 (11111999 919919 9 93911919111) 9199191911
1 99991191 qe'upof 9111191119 9111 99111199 1199191119 (11111999 9991991199 9999999
9991111111 9 919 91 (919 999991911919911 919 (11999191 9919919119 9391119

1 -119999111919919191199919999911 1 1991911991 9111919919 9999991 1139991919 .
1 op 93 1199119919191199191999 9 9991919199· 19111 ,911199 91911911 9113 911919(ς
’ 19 9191199199 919 9199191911 91991991 eslf ι9919111191 9391 91119111 9 119191191991
-119 9199111111 191199 of 199911 9991191 91911111 911999911911 9 99991999199919
9113 919 1119199 919111) 919 11191 ι1111999 9119119 93 911919 91 ι1991119991191999
11191 9 ι9111919919 op 91991191199191193199911 (9191911919 191191 1199119199

Ι -tu 93 999991199 ι19991199 91911919 91999 911 919 9113 9111111 ξ93911191911111 Δ
1 9119191911 99991191· 91199 9 9999911199 ’9111911 1 9919919111 op 1991 1
*991911 op 19199199 9919111991 2 ’199919191999 9 91111911 191919 9193919
’13919 11999111 1 1991939 (1119999119 91199193 939199 919999919999 1 ι919919
9111 9 1999999119999919911119911 999111 9111111 ι9199191119 (19991999991
19919999199191991999 9119911191 9991991199 911999 9919191999199 1911119911 9111

1 ,1399119 1119 1919199991191911199911911 op 9113 ι19199 919111 999999 91111111“
’ 11991 939199 oz& 619191191999119 9191919911 1 91119119 ι9391119991) 1 9391119
-191 ’9911111 1199919199 1191911 91199199 po 1199919 1191 91 (9391191999
-91119199191911 999199919911 9199 9111 1199919191) 99199 1139199999 119119
[mm 991919111ωά9 1 (1191991999 9391 9991119 9191919991) 9111999 9 99191919
9111191 1 9999199 9191911911 19999991 91131 1919111919 9199999199 9119911119

'9sz Ἢ ’919999999991 9991919911 069

 

