0. 1479. 00000000 0000000010000. ’ 649

101, 10001001010011, 8100101100 0 110000001 001100010000101100100
Ρο1011000, 1 01010 100001. 1010 100100 10 00010010 01010 0000110 1 10-
010001010, 1 01010 00010100010 010 001000 00100001 0101000. 10001011 0100010] ¹
0000000, 00000010010, 00000101010001010 01001 10001101, 010100 111-
0001 001010101εΙ 11110101, 000 1011000 Βο000000, 00000010 1100100-
100011000, 100100 100001 01001, 1000010, 1111000 1 11100010.
Ale 0100101 00000 000111000101 000000οη0 001 000101 010100100οἱθο 0000-
0010 0 01010000 1 0010000, 010 000100010011010100] 0100000000· 0000011
0010010, 010 0010100 Pruski i Κο001000 1010111 010 000000101101010001
10010 1100100110οο, 11100 101 010010 00000 00000 11010 1 00100 00000101,
10 01010000 0000101 01011000100101 0000100010 1110010000 0, 1 0010010001
00000000 00000, 00100· 00001010, 11 krol 1100100011 01010011 01011001001
(10001100010000, 8010010 1 1000001, 0001001000111001010-
000 10110 1010110οο 10 0010010010 0 001001 1000, 0001010010 0101000
0000 0 0010000 0110110 1 0011010100, 000000010001010110100000001000
01000110010101, 1 0001010010 0101010000 0000011101 0100 10001101 0100010
0 Ρο1010 0100000001. 1101 01001001 1 01010000000001 000001 0101000
1 Κο0010110 0100101 0000000 00010111, 00001010 010100100010 00010 0110-
1010, 010100000 0010, 10 1100100ι 1001 1100100011 010100001 0101000
01101010001 0000001 0000 10110 0000010101, 010 0100000 0000000 11001011
00000 011010 0 101100 (10001100 00 00011010 0 01000100, 01010010 001
100 0000 000111010 0 0010101001010001011. 110001 0001100011. 10001010-
01001000 1011 Ρο1011, 000100000110000010 0010, 0000010100000101010-
100100001όο 10110 1100100011000, 1010011000 1101110 1 Ζο01-
011000, 00000111 00 00010000010 10001 0 01010000 Pruskim i 1100010-
1001. 111101010οἰ 1000000οἱ, 11100 000010000 010 10 010 1011001,
0 001000110001 000001 00010 0100, 0000100001 1 000000101100000010
100110000 0 0000011101 1101000100 1000 001100001 1 001010011010, 010-
10000000101000 100001000001 0 010 000101όο 1 1000011όο 11100011-
01101 000001000 0100000101, 11100 0 00010 11001001000110, 0010000101
000000110, 001001101010001011 01001 10001101, 0001000ἰο 1 0000001010
0101 0010001; 0110 01011 0001000100100, 1110 0001001 1 10000100 1100011-
0000001011όο 0100100010 0101100 1101001οι1 00 1010 10110 00010 00110
0000· 00000011, 11000010101100110 100001 1 10101. 1110101010010011100100-
011000 10 00010 100000100οἰ0 1 00010; 01001 10111010001000000,
10100 mu i 000100 010100100, 0010, 101000 0001010000, 101 001 101 0001·
0100, 0011010ἰο 000100101101010110001001010000.

1.Ι mugen„ 1111010 Penne, 11. m

 

