1. 1452. 1111111111 1111111111111. 99

1111, 111 111 1 01111111 11111111 1111111111111 1 1111111111
1111111111 1111111111 1111111111111 11111111 11111111, 1 11111111
do 111111 1111111 1111111 1111111, ,111 111 111111111111111111111111111-
,1111111 Polski 1111111 1111111, 111 11 ningo 1 1111111111111 11111-
,1111Ρ11111111111111111111111111 11111 ;“ 1111111, ,111 111111 111-
,1111111111 1111111111 1 11111111 11111111111;“ 11 1111111, ,111 111111-
x ,111111 1111111111 111 1111111111 Ρ111111111111 1111111, 111 11111111,
,1111 1111111111Ρ111111, 111 11111111 111 1111111111111111 1111111-
,11111 111111 1111111111.“ 111111111111111111 11111111 1111111111, 1111111
1111111111111111 1111111 postu 1 81111111111, 11 11111111 1 11111
11111111 1111 1111111, 11111111111 1111111 111111 1 111111 11111, 1 11
1111111111 1111111111 111111 1111111 (1111111 1111111111 11111111·
1111111, 111111 1111111, 11111111 bucki 111111 1111111 1111111111 111· ’
1111111111111111 11111111 111111. 01111111 111111 1111111, 1111111111 111111
1111· 111111 111111, 111 krol 1111111111 1 1111111111111 1111111111111
1111111111 111 1111111111 111111111111111111 11111 1111111111 S. 111111
111Ρ11111111111, 111 11111111 1111111 1111111111 111111 1111111111, 1111
1111111111111111 1111111111, 1 1111111111 1111111111111111 1111111, 11111 111
jej 11111111 111 1111111111. 111111111111111, 1 11111111 11111111 1111111111
1111111111, 1111111111811111111111111, 111111111111111111111111
11111111111111111111111; 11111111111111111111,1111111111-
11, 111111111111Ρ1111111, 11111 1111111111111111111, 111 1111111111
111111, 1111111111 111111 1 1111111111, 1 11111Ρ11111111111111111111.
1111111111 1111111111 11111 1111111 1111111111111111 ku 11111111 1111111
1111111, 111111111111111111111111 111111111111111· 1111111, 111 1111111
11111111, 111111 1111111 1111111 11111 1 11111 1 11111111111111111, 111-
11111111111, 111111 1111111111 1 11111 1111111111111 1111111111 1111111111
11111111 111 11111111, 111111 111111111111111111111111111 11111 11111111
11111111 11111111 1111111111, 111 1111111111 11111111, 111111 1111111111
1111111111111111111 1111111111, 111 1111111111 11111111 11111111.

ι1111 1111111111 11111111 11111111 11111 1111· 111111111111111111111111·
1111111 1111111111, io 11111111 1111 1111111111 111111 1111111 1111.

’1111111111 1111 1111111111, 1111111111111111 1111111111 11111-
1111111Ρ111111111111111, 1 1111111111 111111 111111 1111111111, 1111111111
Ρ1111111 1111111111111111111111 11111 11111111, 111111111111111111·
1111111111111111111111111111111111111111 11111111111111·
1111111, 111111011111118111111111111111, 1111111111. 11111111

1181111

 

