86 1011111101 110111101οΜ. 111451.

111111οωὶ1010, 11111101 1111101111101111 Κ11110110111, 0110110111 111-
101111111111111 1010111011, 1111011 11011 1101111, 1111 111111111οΡ010111,
10111111 go (11001 110 11111111. To& 01111011 1111 1111111111 Zbigniowa
1011011 11111 Κ111111011. 011011011111 111 111011101111101111 11111-
0111101011. (101101 101101Ι 1111 101111, 1111101111 1100101101111100101010
11011 τ’

,1111111011 1111001011111Βο101011111111110111110111111010 11111111010
,10101011111111 81110111, biskup Krakowski. Gzcigodnemu i przesla·
,11011101011110111Κ111011111,810111101111011,11110111110111
,1111011011 111101 1110101101] 1011111. Franciszka, 1. 10010111 1101101011
,11110111 1011011101 1110111111. Ρ11111010 110110101101111 11111, w 11010
,011001 11101111 11101011 1110111110 00101 1011011101] 111111 81011110111010
,10111 Ρο10111101 111011 11011011 11011110 1110111 11101 1011011101 11110101, 110
,111110 11111 110101111111111100 1111011 111101 11011111111 11111101110111111
,0100111 1111011111 01111 81011111, 111111 011 111111 1101110111 011111 11-
,1110111 1011111110 1011111 1111111, 111111110101111101011 1101 1111101111-
,10101 111010 1101101 1110110110] 111111 1011101. 111111111001111· 111111 1110
,11111110101011 (1101110101011 1 1111110011111 (1111011011, 01010011011111-
,11111011 1111101111· V 111101, 01111011101111011 1001111111 111111, 10 110-
,0111111 0111110010 11101 01110101111111011, 11111 Βο1010, 1011010 11110111
,011110111011101 11110111 1101111111 10111010101111111 1111111011, od 11111111
,1011111101 1110101011011. 11011101010 1110111101· 10111111 100101111011,
,101111 101010110111 1 1011010011 11111 1111101, 111111 0111111110 jedna 11111
,1111110111 jak drugi Abraham, rodowe 1111011011 1111110101111111,
,1111111010 do obcych, albo 100101 1011101101 1111011011. Ν10110111111111 011
,111111 10110110, 111 1101111010111111111, 111 1111111011 1101111111011 11101111,
,101 1111111 11111 0101011. Κο111Ι 1101110 1111010, 11111 Βο11, 1 111010 11111111
,011111011011 1110111010 11111111 Bogu. 8111001101 111111 111110 01101
,1101011111 , 110-10 1111011011011 11110 1111111, 1101101011 11101111111011, 111
,1101011111οὴ 01111111, 110 1111011 10 1110111011 10101101110, 110111 1110010110
,01001111 albo jak 111101111111111, 111111 (1100111 1111111 11111 111111
,10 1101101110 1110110111001, 1011101, 10 1011011110 1011011111 11111110 11111
,11101111 1011 11111111 0111111 1011011 Βο11, 111111 01111111 1111100111110010-
„nego ludu, 111111 0111111011, 101110 01100111 1101101111. 1111111010100110
,010101011010111 11011110 1110111111 0111111 111111, 110 1 1110111111 0111011
,1101111100 na 11111 111111 0111101101. Ale Bogu, 11111010 0111111 11 11111101
„sie 11101111111011, 110111 110 11111010 1 niepodobneg0; 101110 mu w 1111101
,011 101101· 11111111 0111110. 101011 11001001 011011, jak mamy w Bogu 11·
,111011 1101111101· 11111 1111110101, 110 01110 111110 (1100111, 110 1111110
,Ρο10111, 8111111 1 1110111011 8101111011111011001101· 00110 111111-

 

