436 ⁸ 1111111111 11111111111111. 111466.

,11111 11111 1111111111111111111 11111111111 111111 1111111 11111111,
,11111111 11111111111, 1111111111, 1111111111, 1111111 1 1111111111 111111
,111111111111111111 1 111111 11111111, 111111111 1111111111111111111
,11111111 1111 1111111111 1111111111 1 11111. 111111 111Κ111111111 1111
,ΡοΙ111, 1 11111111 1111111 111111, 111111111111111111111 1111111111
,1 111111, 11111111. 1111111, 11111111111111111111111111111111111, 111111·
,1111 11111111111111, 11111111111111, 11111111 1 1111111111, 1111 11111-
,1111 11111111 1111111111 1 11111, 11111111 111111 111111 11111111111111111111111
,111 11111111111111111 111111 1111111111, 1111111111 11111 11111 11111111, 111-
,11111111111 111111, 1111111111111111 111111111111111111111111111 1111111,
,1111111111111 111 111111, 111111111 11111 111 1111111111, 11111111 11111111-
,111 11111111, 1111111111111111 1111111111 111111, 111111111111111111111111
,111111111111111 111 1111111, 111 11 1111111 111111 11111111 111 11111 1111
,11 11111111111, 1111111 1111111 1111111111 111111 11111, 111111 1 1111111111-
,11111111111111111 11111111111111 1111111111 1111111 11111 1111111111 11111·
1111 1111111111, 111111111111 111 111111 11111111111111, 1 1111111111 11
111111111111111111111 1111111111 111 11111111111, 111 111111111111 1111-
11111111 1111111111 1111111.

11111· 11111111 11111111 1111111 1 1111111111 111 1111111111 111 11111111 1111111
1111111111, 1111111111 1 1111111111 1111111 1111 111 1111111111 1111111111

11111 11111111, 111 11111· 1111111111, 111 1111111111111111 11111, 11111
Ρ111111111111111111 1111111111] 1111111111 11111 1111 1 111111 111111-
1111, Ρ11111 1111 1111111 111111111 1111111 111111111111 1111111111 1111·
1111111111111111111111111111 1111111111. 01 tego 111111 Ρ11111 11111111
1111111111 111111 11111 11111111 11111 11111 1111111111 1111111111, 1111 11111111
11111111111, Β1111111111 111111 111111 11111111, 111111111 1111111111111
11111111111111, 1 11111111111111 1 1111111111111 11111111111111,111 111111-
1111 1 1111111111 111111, 1111 1 1111111111, 11111111 1 11 1111111 1111111-
1111111, 111 11111111 11111111111111 1 1111111, 111111111 111111 1111111111111
1111111111111111111111111 1111111, 1111111 1111111 11111 111111 1111111111
1111111, 1111111111 1111111111. 1111111111111111111111 1 111 mione 11-
1111 1111111111 11111111 Α111111111111111; 111111 11111111 11111111111111
1 1111111 1111111 11111111111 1111, 11111 111 1111111111111111111111111111·
11111111111111111. Nim 1111111 11111111 legat 1 111111111111 11111111
1111111 11111111, 111111111111111 1111 1 1111111111 (111111111111 1111111111
11111 11111111 1111111111, 1111111111 1 111111111, 111 111 11111111
11111111111 1111111111111 111111111111, 11 111111111111 1111111111

 

 

