11. 1454. 1161616111 116611616111. 161

161616 161661 11661161 1161111 16111 1111611, 11111111 1111611616 1661111611,
’ 1161111616 1116111116 16166161161611666 11661661616 166616116
111166116. Biskupi Pruscy 1611116611 61161116 1611111616 666616 111116.
Pomm 6111611116161 1661616 1161111 111161 1 1111111 do 6111116616 161111166-
16616166111161166111116.

11616 1616111 1161111116 111 1111611161116111611 11661611161116161.
Pod 16 61661, 11116111 6611161116 16116111611 611111 16616-

116616 1161116116166 61116111616111, 66 66 1111 161161611 166161
111616116111611161 611611 1611611. 1161, 61611116 1 Ρ116661, 616

11 1616111,11616116111611161661, 616616, 6166166116166611116161- ’

116 1111161611 1 616161 116611 1 6161661616116 6616111 11111661161, 11111-
1111611 661116 16111666 i 6116166 1166616616. 116111 1161166 111116611116-
1611 611 6611111661 61116116611166161, 16161611 61116616111111161, 616 ¹
166616 66 61611 6161611111 1111611611, 1611 1161616111 111161 1611616 1 61616-
16616116161 1666161161, 01616116116111161616161161, posia·
1116161 61161 6611616111 (161166111611, 116111 616111616 6111116116 616161616,
1616616111616616 61666616111161166611 161 6111116111 1161111.

1111 1161161611 16 11611116 1111611111 11616116 11111611, 611 116 1161161611 ln·
16116111661116161 611 66 11611166 1111116166.

P0 1616116616 6616111116 61661 161116161611 1111616161, 1111116111-
616616 J 666 6166 11116 1 1116116, 6116116 11161 11611616, 16666116
(161616161611616, 16 16111616 11161616 V do 111166, 1116111-
1161116 66661161116611616, 1616 161 661611 61611661 1 1611111 116-
616611616111161661661111111611. 1611616116116116616, 611-
161616 1111116161611616 161611616 116161611616 do 11116111-
61616 11116 111161611616 1 1116611616 do Pragi, 1116 6111161616
16161611 11111661161, 16161111 16116 616111 1 16166 11666116161611; 116616-
11116161, 1 111161 111661616616 161111116161 116111, 161161611 1111
161611 11166161 1 1161616, 166161116111616 66111 6161111661,
1 111161 11111161, 8611661611 1 11111116, 1 1161111611 111116 postu
1611111 do Β1161616 11161611616,1161611161116 1666 1 01116-
16 1661161666, 1666 1 1161166 16161611 116161611616 1 Ρ16-
116 161116661611616 1111166116, 66 661161611611116111116111 1 111116661.
’111 61161611611 116666 1111616116, 16 1166111166111161116161 111-

J, 11111661. Ihm· robus. 11. m 21

 

