999999 9999 999 9999999991 9999999 9999 999 9999999 99999 999 99 99 99’
69999999999 999999 999999 999999999999 9999 99 9999999 999 ι999999999 999999
99 99999 99 9999 (9999999999 9 999 99999 99 99999999 M 99999999(
999999 99999 ι99999 999999999 M 9999999999 999 9999999 999 9999999999ιι
99 999999 9 9 9999999999 9999999 99999999 9399999 999 mods 999999
9999999 999 9999 9 9999 999999 993999 999999 9999999999 9999999
99999999999999 99999999 9999999 99 99999999 999999 9999999999
(9999999999999 99999 9 9999999999 9399999999 999999 9999999999 999 99999(ι
9999999999 999 9999999999 99999999 9999 99999 999999999 M 999999*
4999 999999 9999999 9999 od 999 ’9999999999 999 9999999999 9 ⁴ 99999999*
-99 99999 99999999 9 99999999 9999999999 9999999999 999999 *99999999
9999999 9999999999 9999999999 99 99 999999 9999999 oses od 999 ι999 9999“
-999 999-99999 M 9999 99 99999999 9 99999999 99999 99999991 99999 M‘
999999 99999999 999 99 5999999999999 999999 9999999 999999 999“
99999 (9999999999 99999 999999 99 9 M 99999 9 999999 99 99999999 999999
99991 9999 99 99999 9999999 9999 9999999 999 699999999 9999999999 999
99999 99999 M 999999 999999 999 99 99 9999999999 999999999999999 99999
99 99 ι999993999999 999999999 (99999 99999 9999999999 999 99 99999
9999999 999 9399 99 9399999 9999999 99 ι99999 99999999 9999999999 9“
99999999 9999999 9 99 999999 9999999999 999999 9999991999 999999
-99 9999 9999 99999399 9999999999 999 999 (9999999 999999“
9999 99 99999999 9999999999 999999 9999999 99 ’9999999999 9999999999
9999999999 9 99999 999999 99 9999 1 9999 9 ι999999999999 99999999( -
ι9999999Ἳῖ9999ῖ9979 ι9999999 ι9999999999 ;99 9999 9999999999(
999 9999999999 99-999 9999999 99999 9999 9 9999999991 ι99999999 99 999“
-999999 9999 999999 99999 9 (9999999 999999 999999 9999 99999 99999“
-99999 99 99 ι9999999 9 99999 ’9999999999 9999 9999999 99999 999 ι99)Μ
-999999999 99999999 9999999999 9999999999 9999 999999 99 999999 9999999(
’99999 9999991 99 έ999999999 9999999 999999 99 9999999 99999 99999999
9999999999 999 99 99999 (999999 999 9999999999 19999999999 999 9999999*
9999999999 999999999999 9 9999999999 9999999 99999 9999999999 999999999999 9“

’ 9999 99999999 99999999 (9999999999 99999999 (9999999 9999999 9 9999999ιι

999 9999999 9999999999 999999 (9999999 9. 9999999999 9999999999 999999Ι
99999 9999999 99 999999 999 9999999 999 9999999999 999 9999999999 9999999
9999999999Ι 9 999 999991 999 999 99999 9999 9999999 9 9999999999 939999
-999 9999999999 99 (99999999 9999999 9999 99999999 (999999 9999999 9 999“
-9999 9999999 9999999999 9 (99999999999 99999999 99999999 999999 M“
9999999999 9 9999999999999 ι9999999 999999 99 ι9999999999 99999999*
99999999 ’9999999 9999999999 9999999 9 ι99999 9999999999 99999 9 99999 9’Ι
999 99999999 99999 9 9999999999999 9999999999 9999999 9999999 99 99 999999

99 ’9999999999 99999999 9999 ‘u

 

