516 0000000000 00000000100000. 01414.

01010100οι0 00000000111000101, 00010000 00 0011011010 00001 000101, 101100
100100 1 001100 0001010010 00000 00110000010, 0 0001100100001 01000000 po
0101010010 011000, 010111 1 00010111 010110000001010010 0010000000000100100-
10 01000110 0001010 1 1000000010. Βο10 1 1000 tego 0011010010 0100000000, 10

’ 01010 0000000 0100ιὶ 110010001100, 0 001010οε1 00100100 0101 800101 01101-

1010001100 110100101011 0 Κο010110, 00 00000 0000000000 100
10110 111010 0101011. 0010 101 00101000 dni 111100010100101011011 11001-
101000 0010001, 000101011000001000, 0001010, 1000100001 0010011000000 (000-
001000001001010 0100110 0 000100111010 0000110010 001000), 1 (10010001 (1010
(100101011000 10111000110001010 000010 10000, 0000001000011101010001 111101-
0101 1010010, 1 do 0001010101001011001000 0000010000, 00000011 10 000
01000 010000000010101100. Νο00011 0100 0001010100 10 010001 00011110] 00-
000101010 11010, 0 000101010010000010001001010010 Κο001001 1 Βο000-
00, 101010101000010110000001001, 000001 1010100ἰο 0001111000 111-
1010001 000010 jego kraju ogniem, 00100000 1 00001110010000000001 100011
11011001, 0010, 1110001010 1000000 10101110 0000110001 101010 0000000
1101000110, 0 mimo 11000 10 110110 001000, 001011 101 010 010101. Podo-
1010110010000 0010000, po 1110000 10010001 11110100Ι 010101010001 10101000
0101010100, 00001000000100 100010 Ρο101101 0 Κο0010010, 01001 101
01000010, 00000000001· 00 010 1001000 00000100. 800011 0100 Κο01001000
1011 Ρο1111 0 00011100, 01100000 00000110 101010 0001000 11010000. 100-
1110 0000100100 010101 00010 00100 0001 11000100100001 (1010 1001001
00 00 0001 100100 00010 0010), 0000001 jak najrychlejszego 1001100ἰο 0110-
0100010 1011000 11001000110, 11100 01001010 1001000001 0000100100111101
1011000100101000101000001011010 Κο010010000 10110 Polskiego.
1110010101 101001010 0110100οῃ11, 00000 110 1001010 0100000000οΙ 100100
00110111100, 1 0100001 110 0 00000011 0000101010.

1000000100 00001011 10 10110 Κο010010000 00010010 11001010 10110
110010001100011110100100010110000011000,0’01010, Ζο100101
Κο00001011,1111100100·1101111100100 000000100111, 0 000110.
010 1011010000 0000010 000001 10000110101100 00010100οἰ0ιο 10001. 0100010100-
no im, 10 00100010, 010 1011 000011 000 0000101, 1000000· 0 0101010001
00000010 010 100010 101 00000. Ι1001 01000010 0001 10 0000 0010001 0000001οο
10110 Κο010010000 1 jego 00010. Ρο00010 010001 111011000111100· 0010111
010 0010001010 pod 11000100, 010 00000 01110010010 10010 [0001001001
8010010 010 10001 0100000100101001 0000010010 010 101 000010; 1101000-
100100011011 0000000000 010010. 110 0000001 1 0010000011 0 10 000010
101 11110, 000000010 0010000 00101011000010; 11100 0100101 0 1010001010
000010 101 0101010, 01001010 krol* Κο01001000, 010 01000 000010100ος0 000·-
010 00110010, 1 0000001000οο go do 110000οἰ0 001000· 1 0100000000· 111100, 010

 

 

