11. 1414. 1111111111 11111111111111. 369

,1111111111 0111111111, 11111111111111 11111111 1111111111, 1111111111 Η1111111-
,11111111 111111111111 1111111111 111111, 111111111111111111111111 1111111-
,111 11111 11111111, 11111111 111111111111 111111111111, 1 111111Ρο11111111
,11111111111111111111111111. 1111111111, 111111 Ρ111111, 11111 111111 111-
,11111 1 1111111111 do 1111111 Ρ11111111 111111 11111111111111111111111 11111111- 1

,111 1 1111111111 1111111 1111111111 11111111 1111111111, 1111111111 1111111
,1111111111 11111111 1111111111 11111 111111111111111111 1111111111111 1111111,
,1111111 111 11111111 111111 11111111111111 1111 1111111111 111111 w 111111
,11111111,1111111111 1111111111 1111 1111111111 11111 111111 11 11111 1111111111
,.“111111 11111111111111111111111111111111111111111,11111111111-
11111111. 1111111111 111111 1111111111 1111 11111111 1 1111111 11111 1.111111 111 111111-
1111111111111111111 1111111111 1111111111 1111 dni 1111111 1111111111 1 11111
111111111111111111 1111111111Κ1111111111. 11111111, 111 111111 11111111, 111111-
1111111111 1 111111 1111111 1111111 1111 11111111111111111111, 1 1111111111-
no 1111111111. Ρ111111 1111111111 1111111111 111111111111 11111 1111111111] 1111-
1111111111 1111111111 1111111, 11111 1111111111 111 11111111 w 1111111 11111111·
1111, 11111 111111111111111111111111 11 11111, 111111 111 11111111 1111111
1111 1111111111111111 11111.

11111111, 1111 1111111 11111111 1111111111 11111111 11111111 1111111111111111111111 ’

111111111111111111111 [1111111111 11111 111111111111 1111111111 1111111111
1111111111111 111 1111111111 1111111111.

1111 1111111 11111111 111111 111111 11111111 1111111, gdy 111111111111111
1111111 1111111 11111 1111111, 1111111111 11111Κ1111111111 1111111111 11111
1111111111, ,111111111111 111 111111111111 11111111 111111111θὲ1, 111 go
,11111111 11111111 1111111111,1111111Ρ1111, 1111111 1111111 1111111111
,1 11111111 11111111111111, 1 111 1111111111 1 11111111111111111111, 1111111111Ι
,11 1111111111111111111111;“ 1111111111 111111 1111111 ,11111111111111Ρ1-
,1111111111111111111111111111111111111111 1111111111111111
,1111111111 1111111111 11111111 1 11111111.κ Ζ111111111111111Κ1111111, ,111
,111111111111111111111 11111 1 11111111 1111111111 11111 11111111111111 11111-
,11111111111111 1 1111111111111111111111111,11111111 tego 111111 1111111 Ι
,1111111111111 111111 1111 1111111111 111111, 11111 111 11111111111111111111

,11111111111111111111111111111111,111111111111111111111111111-
111Β11111111111111111111111111111111ΑΙ11111111111111111,11111
11111111111111111, 1111111111 1111111111, 11 111111111111111111111111111-
(11111 111111 1Ρ1111111, 11111 1111111111111111111111111, 11111111111111
111111 1111111111 11 11111111, 1111111111111, ,111 1111111111111111111, 1111

1111111111. Nummum· 47

 

