372 1111111 1111111111. 1. 1464.

,1111111111 11111, 1 Β1111 1111111 1111111 wielkopolski, 1111111-
,1111 1111111111 111 1111111 111 1 11111111, 111111 to 11111 11111111-
,11, 11 1111111111111· 1111, 0111111111111111 111 1111111111, 1Β1111Ι
,11111 111111 11111111, 1111111111 111111111111111111111 11111 111111
,11111111 1111111111111, 1111111 1111111 111111 111 11111111 1 11111
,11111111 11111 111111111111111 1111111 111111, 1111111111ιὶ1 po 11
,111 1111111111, 111 11111 1111 1 1111, 111111111111111 1111111111
,11, 111111111 1 1111111111111111 1111111, 11111 111111, 1 1111111111
,11111111111111 11111111, 111 111111 1111111111111111111. 11111111
,11111 111111111111111· 1111, 1 1111111111· 11111111111111111111· 111111-
,111111 111111 11111111, 111 111111111111111111, 1111111111111111
,11111 1 11111111 11111111 1111111 1111 1111111 111111 1111 1 (1111
,1111) 11111111111111, 111 111111 11 111111 111 1111111 1111 1 1111111-
,111, 11111111 111 1111111111 11111 1 111111 1111111111 11111111111111
,11111111111-11111. Ζ11111111111111111, 111 11111 11111 11111111 1 1111-
,111111 111 11111 1111111 11111111111 1111111 11111111 1 1111111, albo 11
,1 1111111111 111 11111111. My 111111, 11111111111111111 1111111111
,1111111111 111111 111111 1111111 111111111111111111 11111 1 1111-
,11111111 1111111111 1111 1111111 11111, 1111111111 1111111111 111111
,11111111 11111111, 11111 11 111 01111111 11111111111111111111,
„stryj 1111, 1111 111 1111111111111111, 11111. (11111111111111111,111
,1 1111111 1111111111111 11111 111 1111 1 11111111 1111111111 1111111 1111-
,11111111 1111111111111. Ku 11111111111111111 11111 11111111 11111111
,11111 1111111111 1111111111. 1111111111 111111 111111 11111 11111111
,1110111111Η111111111111111111,11116111111011111111
„i 1111 Κ11111 11111 11111, 11111 111111Κ1111111111111111111,
,Ρ1111 11111111 1111111,81111111111111111111111,1111111Ι
,11111111 1111111, 1111111111 11111111 1111111, 111111 11-
,1111111 Β1111111, 11111111 1111111111 1111111111 1 1111111111
,Ρ11111111,Κ111111111111111111111, 111111111 1111111111 111·
,1111111, 1 11111 111111 11111 1111111 11111. 1111111111 1 11111
,1111111111 111111 S. Κ11111111111111111111111. 11111Ρ11-
,111111 1111111111 1111111111 111111111111111111111111111, 111111 Η11-
,1111 111111111 111115(

,1111111 1111111, Amen. Gdy 1111111111111 111111 111, 1 1111111111,
,1111 (111 1111111111111 1111) 11111 11111111111111,111111111111111111,
,111111 1111111111 11111 11111111111111111111 11111111111111ε 111111
,11 1111111111, 1Β1111 111111111111111111111 111111111Ρ11111111,
,111111111111111,11111111,1111111111111111111111111111111

 

 

