400 1111111111 mmmmm. 11. 1416.

111111 111111111111, 11111 11111111 111111111111, 11 1111111111 11-
11111, 1111111 1111111111, 111111111111111111111111, 11111 1111 111-
11111811111111, 111111 1111111111 1111111111111, 111111 11111
11111 1 1111111 111 11111 1111111111, 11111111 111111111 11111111 1111111111
111111 1111111111111, 1111111 11111111111111111 1111111111111, 111 11111
1111111111111111, 111111 111111 1111111111 11111 11111111 1111111 mm*
111111, 111111111111111111111; 1111 J ana 1111111111 11111111, 1111
111,1111111111111 1111111111111111 1 11111111 11111111111, 1111
111111111111 1 11111111 1111111111 Κ111111111111, 1111111111
1111 1111111 domu i 11111, 11111111111111111 1111 1111111 1 111111 111111,
11111111111 111111 1111111 1111111111111111111, 11111111111
1111111 1 111111111 1111111111 111111 Β11111111111,1111111111
1111,11111111Κ111111111,11111111111111111111 1111111, 111111
1111111111111111111, 111 11111111, 111111 1111111111111, 1111111 111111-
111, 1111111111111111111 1111111 11111, 1111111, 111111111111111111111
11111111111111111111 1111111 1111111111 111111, 1111 11 1111111111 1111111
1 1111111 1111 111 1111111 1111 11111111. 11111 111 111 11111 11111 1111 11-
1111, 1111111111111111111111111111111111111111, 1111111111 1111-
1111111, 1111111111 1111111111 1111111 1111111 1111111111 11111111, 111111
1111111 111Ι 1 111111111111 111 1111111111 11111111, 1111111111 1111111,
11111 1111111111 J 111111, 1 111 11111111, 1111111111 1111111111 1111111111
1111111 111111 111111111111111 111111, 1111111 1 1111111111, 11111
1111 11111 11111111 111111111111111111111111 (111 1111111111 111111
111111111111, 1 11111111111111111111111, 1111111111111111, 11111
11111 1111111111111111111111111, 111 1111111, 111 11111111 111111
1111111111111111 1111111111 1111111, 1111111) 11111 1111111111111111111
11 1111, 1 1 11111111 11111111, 1111 1 1 111111, 11111111111111111
11111111111111111111111 111111111 1111111 111111111 1111 1111 111111111-
1111, 1111111111 111111 1111111111111111111111 1111111111 111111 111111-
1111 1111111111, 1111111111 111 11111111111111111111 11111 1111111111 kmi:
111111111111111111111111, 11111111, 1111111111 11111111111111111111- ’
111111111111. Β11111111111111111111111,111111111111111111 1111-
111111111 111 1111111111, 11111111 1111111 1111 1111111111111,111111ι1
111111 11111111 1111111 1111111 1111111, 1111111 11 1111. J 11111 111
11111111111111111111111, 11111, 1111111111111 111111 1111111111, 111111-
11111. 1111111 1111111111111 11111111, 1111111111111111 11111111, 1111 111
11111111 111 11111111 11 11111111 11111111.

 

 

