1. 1468. 11111111 1111111111111. 483

11111 111 11111111111 1111111. ’111 1111111111 11111 na 111 111111 11111
11111111, 111 11111111111111 1111111111 111111. 111111111111111111111
11111111111111111111111111, 1111111 11111, 11111111 11111111 1 111-
1111. 1111 1111 111111 11111111111111111 1111111111, 11111 iuna 11111
1111111111111111111, 1111111 111111111111 1 1 1111111111111111, 1 1111111
11111111111111 111 1111111111. 1111111111111111 11111 111111111111111
111111111111 111111111; 111 1111111111111 1111 111111111111, 111, 1111,
111111111111111, 1111 1111 1111111 1 1111111111. 1111 11111111111 111-
111 11111111 111 1 1 1111 11111111 111111111 11111 1111111111, 11 111111
11 111111111111111 111111 111111 111 1111111111. 1111111111θί Κ1111111
11111111 1111111 111111111111111111111 01111111 111111, 1111111
11 1111111, 1111111 1111111111 1111 111 11111 w 111111111111111111
1111111111 1111111111, 111 1111111111 1111111111 Polskiego 11111 111
11111111.

1111111 1111111111, za 1111111111 11111111, z 111111 11111111111111111111
1111111. 11111 1111111111 1111111111 v 11111111 11111111 11111 111111
1111111111.

1111111 111 11 11111 11111 1 11111111, 11111 111111111 w 11111
01111111111111. 1111111111 1111111111, 111 11111, 111 1111111111 1111
11 111111 11111 1 1111111111, 1 11111 1 111111 1111111 1 111111, 1111111111
11111111, 1111111111 111 11111 1111111111 111111, skargi i 11111. Tago&
11111 111111 1111111111 1 1111111111111111111111111111 (1111111
111Ιί111111 1111111111 1111111111111, 1 111111111111111111111111,
111 111 11111 111111 11111111 1 11111111, 1111 11 1111111111 111111 111-
11111111111111 1111111 Pruskiego i Inflantskiego, leoz gorliwie
11111111 11111 Ρ11111, 1 111111 111 11111111, 111 1 11111111 111 111-
111111111111111 1111111111. 1111, 111 1111111, 111111111111111111, μ
1111111111111111. 11111 Κ11111111 krol Polski 1111111111111-
11111111111111 111111111111 1111 11111111111111111111111111
1 111111111111, 1 111; 111111111111111111 11111111 1111111Β111-
111,1111111111111111111(11111111Β111111,11111111Ρ1111-
1111 11111 (11111111 011111 1111111111, 1111111111 (1111111-
111111111111111111111, 11111111111111111111 11111 11111-
111111111111Ρ1111111111, 11111111111 1111111111· 11111111
113111111111111111111 1111111 1111 Β111111, 1111111111
(11111111 Η1111 11111 Hugona Smolzmga, 1111111111 1111-
1111111111111111111111111111111111111111111111111-

 

