11. 1466. 1111111111 1111111111111. 411

,1111111111 1111111111111111; 1111111 1111 1111111111 111 11111111,1111
,11111111111111111111 Ζ111111111111111111 Seibor Β111111 1111111·

111111Ρ111,1111111111111111,1111111111 1111 1111, 1111111111 (1111111- ,

111, 1111111111 1 111111 111111111111111 11111 111111111111, 111111 1111-
11111111 1 11111111 11111 1111111111. 1111111111 1111111 Ρ11111, 11111111
111111111111111111 11111111 11111,111111111111 1111111 111 1111111111
1111111111 od tych,.dla 1111111 111111111111, 111111 1 11111111οὲ11 11111111
1 111111111111111111, 11111111 1111111111 11111 1 1111111 1111111111111-
1111111111, 111111111 1 1111111111 111111 Ρ11111111 111 1111111111 1111111111
a 11 111111 111111 1 111111, 11 111111 w 11111111, 11111; ,11 do 1111111·
„burga 11111 1111111111, jak 11111 1111111 1111111111, 1111111111111-
,1111111111111 111 111111 111111111 111111 111111111111111111111111111
,111111; 11 11111111111111 1111111111 1 1111111 11111111, 1111111 1111111,
,111 1111111111 11111111111111 11111111111111111, 11111111 11111111 111111111-
,111, 1111111111111111111,1111111111111 1111 1 1111111111 1111111111
,11111111 111 (1111111111, 1111111 11111111 1 (1111111 1111111 11111111 111111111
,11111111 111111.1 111111111111111 11111111 111111111111111 (1111111 111111
111111111111 1111111111111111111111111, 111111 1111111111 11111111111111 111111
11111111. ’11111111 111111 11111111 1111111, 1 11111111111111 1111111111
11111111111, 1111111111 1 Β1111111, 1 (111111111111111 111111 1111111111
111111111111, 1111 1111 1111111111 1111111111111111111111111.

1111111111 1111111111 11111111 1111111111 1 1111111111 111111111ιί1 11111111
11111111 1111111111.

1111111111 Κ111111111 111111111111111Ι1111111111111, 11111111
do 11111 11111 11111111 111111 (Η111111) 1111111111 8111111111, 1111111
Η11111 81111111111 1 11111111 1111111111 1111111111 Ρ11111,
1111111 11111111 11111111 ,11 111111 Η11111 1111111 1111111111 1111-
,11111 11111, 11 111111 11111111 1111 1111 111111, 111111 1111111111 1111111
,11111 1111111 do 111111111111, lub 111111111111 1111111111111111,
,11111111 1111 1111111111 111111111; 11 1111111111 11111 111111 111111 1111111
„z 1111111111 11111, 11 1111111111 (1111111111 1111111111. Ρ1111 1111111111, 1111
,1111 111-11 1111111111, 111111111111 1111111 Κ111111111 111111111 oble-
„ga6, 11111111 1111111 111111111111111, 11111111111111111111, 11 1111111111
,1111111111111 111 11111111 11111111, 111111111111111 111111 11111111111111.“
2111111111 111 11111, „azali 1111 111111111111, 1111 111111 Η11111111-
,11111 1111111111 1111111 1111111111, 11111 111111111111, 11111
11111111 1111111111 11111111, 1 1111111111 111111111111 11 1111111, 1111

 

