X

1111116 1 91061101 star. Brzes. 131. 11111111 ob. 111111.
11101110 10. 83. 1010111,101101011110 Ρο610111161242. 243
11101110 1491101101111 11111. 171001. 37. 106011 1101100111 111111171001111. 204. 248. m
11111110 0111006011κί 1101011711. 643. 325. 395. 464.
1110111010 00110111. 106011 biskup 041111 367.
1111111110 11. 334. Julian Μο61011101 636.
1111111111 ob. 1 an. 1000111 herb. 111 430.
1111111116 ob. Ρο1101. 1111111 1111101101 1101111345.
11110 (1111110111. 564. 1 101111 ob. 10111.
11001111. 619. 111111, 11111111 97.
1101111161 1101911110 591. 1011111110 ees. Rzym. 134.
111110, 1101010010 656. 1011110 1101111001 510.Ι
1961111 0610091 1101011060 1111011. 84. 201. 319.
360. 385. 1 3·
1961111 1 3010111111.Ρο10.13. 17. 19. 24. 30-32.
35. 42. 64 75. 88. 107. 126. 136. 143. 161. xm m. 350. 488. 594. 595.
163178194. 206. 225. 320. 322. 335. 348. 14111011101010110111 Το111. 51. 52.
Ι 365. 383. 401. 501. 602. 844. 1411111 m. 33. 68. 251. 288. 335. 381. 339. 394,
1961111 1 01101001 l. 0110100116 bisk. 1110110111. 451.
528. 529572. 585. 602. 605. 614. 620. 644. 14111111 11111111. 259.
646 1411111οηί00 Ρο601. 45. 50. 51. 70. 310. 36143.
1961111 1 01160101, tyn 110100100061228. 293. 500. 574. 587. 592. 611. 650.
343. 525. Kopion, Cz. 115.
1961111 1Τ10111111. Τ10111111111111111101. 183. 1411111110 11661 11101.
187. 212. 218. 225. 226. 228-231. 311. 315. 11111001 1010. 36.
1148, 141111111111010. 524. 555.
1961111 3110101011111 581. 1411111011 ob. 14101110
1961111 1 3011110010 1101111011. 597. Κ1101 111. ees. Rzym. kr. Cz. 433.

1961111 net· 1 3011111010 prob. 1110110111 626. 141101 kr. Frano. 41. 246.

643. 645. 647. 141101 1110111. Βο6011. 114.
196111Ιό0 m. 132. 141101 kr. Szwedz. 227. 228. 482.
111111 11015011 400. 579. 141101 ks. Burgundz. 487. 548. 557. 558. 53. 611
111111 111111. 100610. suffr. Krak. 59. 295. 14111 (011101) Friuli (1) 531.
me 110101000101 1111101. 111. 42. Κ111011 309.
11111110. 0011191. 1411111111 201. 289. 586156. 602. 612. 639.
11111 Ρο61111116 l. Ρο611111161111 111. 0101. 111. 1411111101. Pomez. 166.
J erzyk 48. 165. 241. 242. 245-248. 258. 141111118011111111000. 111114.
260. 273. 277. 278. 281. 283. 285. 286. 289. 14111111 prob. Spiski 565. 607.
101. 101. 110. 111. 111-111. 331. 340. 111. 10101101 pol. 581.
389. 420. 421. 431. 440-448. 452-455. 457. 14111111 111101γή1111 228.
460. 461. 471. 473. 475. 476. 478. 479. 484. 14111111 Νο11010, 611111. 284. 309. 331-333. 381
486. 489. 490. 492. 493. 495. 497. 502. 505. 413. 421. 422.
507. 508. 517-519. · 14111111 010111, 1101011711. 597.
11111 010111. 1110111111 385. ’ Κ11111111111 1611 135.
1111111011. Ρ11101011040101111565. 1411110011 0111111 Pers. 556.
11111 ks. Bawar. 584. 586. 598. 599. 1411160 11. 560.
1111161 [apide 282. 1411100110 woh w. 561.
11111 8110101001οι ks. Ostrog. 11. 31. 42. 126. 1414110011 541.
212. 1411111111110, 1701100 567.
11111 1 [1111110ογ l. 0951001111, 111. 1111011, pod- 1411111101 1111061001 234.
110111. 01111011. 412. 417. 483. 1411111101, 061111 17001. ks. 111οἰ500, 1111 11111
11111, syn 16111111 Κο11011010111110498. 1 0010050111 111011. 14011101. 243.
11111 1011111111ιί 493. . 1411111011, 1160110110 14101010 (111011101101110
me bisk. 1110111110. 963. ’ Lit. 319. 335.
11111 61011 (8111010111 111. 1111111 198. 199, 1411111101 0611111001. 1101111011ᾶο 567.
11111 100111, 010011 555. 141οΙ11, 111111. 232.

 

