412 1111111111 111111111111. 111461.

(1111111111111 1111111, 1111111111 do 11111111111111111111 1111111111·
1111, 1111111111111111111, 1111111111 1111111111 1 1111111 1111111111.
(111111111111 1111111 po 11111 1111 1111111111111111. 1111111111111
onim, 11 11111 1111111111 1111111111 1111111111, 1 111111· 11111111 1111111111
11111. 1111111111111 11 11111111 111 1111111111, ani 111111 11111111, 11
11111111 11111111 1 domu 111111111111111111111111. 0111 11111 111111-
11, 11111111 1111111111111111. Ν11 11111111 111 1 111111111 1111111-
1111 1111111, 11111 1111111 11 11111 11111 11111111 1111111111 11111111-
111111. (1111111111 1111111 11111111111111 1 111111 11111111111111111111
1111111111 111 1111111111 Β11 11 krolestwo Ρ111111 1 1111 1111111.

1111111111111, 1111111 111111111111111111 1111111111, 111111111111
1111111111 1 11111111, 1111111· 1 111 111 111111 111 1111111111.

11111 1111111 1111, 1 11111111 11111 1111111111 1111111111111, 111
11111111111 11111111 1111111111 1 11111111 1111111111111, 111111
’ 11111111111111111111111111111111 1111111, 11111111 1111 1111·
1111 1 1111111111, 1111111111111 1111111111 po 11111111, 1 111111 1111-
111111, 1111 1 1111111111 111 111111 jak i kr6lewskich. J 11 1111111111, 11
1111111111 111111111 111111 11111111, 1111111111 111111 1111111111, 11
1111111111 1 1111111111 1111111111, 1111111 11111111 1111111111 111 1111
1111111111111, 1111111111111111111111111111111, 11111111 11111-
11111· 1111111. Ρ11111111111111111111 1 11111 11111, 1111111111, 1111 111-
111111 1111 01111111111, 11111111 111 11111111111 1 111 1111111111,
,1111111Β111, 1111111111 Ν. 111111 1 S. 8111111111, 1111111111
111111 1 11111111 1111111, 111 w 1111 1111111 dniu, 11111 1111111111111-

11111111111 11111111. ,1111 1111111, 1 1111111111 1111 1111111111, 11111111
,111111 (11111 111111 11111111111Β111 11111111, 11111 1111111111 1 111111,
1 (111111 11111111 1111 11111.

111111111111111, 111111111 1111111111, 111111 111 1 111111 1111111111
11111111111 11111 1111111111

1111111111 1111 111111 111111 111111 1111 Η11111111 1811111111- ÷
1118111111111), 1111 Μ1111111, 11111111 1 11111111111111111111 f
1111111111, 1111111111 111 1111111 011111111; 11111 11111111111111- ¹
1111111111 1111111111 111, ,111Κ1111111111 1111 111111111111111111111 N
,11111111111011111111 1111111111 1 (11111111 1111111, 1111111111 1

 

