470 1111111111 111111111111. 111468.

· odpis 11111 11111111 11111 11111 do 11111 1111111111. 111111111111111
. 1111111111111111111111111 1 tego 1111111, 11111 11111111 11 1111111111
111111 111111111 11111111. Pomm Η 11111 1111111111 111111111111·
11111 111111 1111111111 11111111, 1111111111 111111 11 11111, 1111111111

1

1

11 Ρ111 1 11111111. 11111111 1111111 1 11111111111 (1111111111, 111- 1

· 11111111111111111111111, 11111111 1111111 1111111111 1111111111 1 iudom,

1111111111 1111111111 11 11111111111Ρ11111, 1111111111] 111 11111111, 11
11111 111111 1111111111 111111 1111111111 11111 111111. Ale 1111111-
1111111111111111 1111111 1111111 11111Κ1111111111 111111111 111111
111111111111111111 (11111111, ,1111111111 1111111111 111111111 1111111-
,11111111 111 nigdy 11111 1 111111 111 1111111111; 11 1111111111111111 11111
,1 111111111Ρ11111111 11111111111111111 1 111111111111, 1111111111 1111
,1111111111 111111, 1111111, 111 1 111 1111111111 111 1 1111111111 (11111-
,11111111 111111 1111111 11111111. '

11111 1111111111 ι 1111 111111 11111111 11111111 ι 1111111 Knkm

Kazimiorz 1111 Ρ11111 11111111 1111111111111111 11 111111111
1111111111 111111111, 11 1111111111 11111, 11111, 111111, (11111 1111111111
1111111111 Κ1111111 1111111111 (1181111111111, i 111111111111 1111 nim
11111111 11111, 1 1111111 radnymi, 111111 11111111111111111111 nimi
1111111111, 111111111 111 1111111111111 11111 111111111111111.

111111111111 111111 1 81111111111, 111111 dmg& 1111111 na Nie-
1111111 Palmowa⁴ do Nowego 1111111 11111111, 11111111111111 111111-
111111, 11 1111 1111 11111111111 Κ1111111, 1111 1 1111 11111 1111111
1111111111 1111111 do Κ111111, 111111 11111111 111 11111 1111111111111
(11111 1111111 1111111111 (11111111 ubogim, 1111111111 1111111 111111, 1111
1111111; 1 11 ,111111 (111111 1111111111 Ν1111111111 8111111111) 1 111111
111111111111 1 111111 Κ1111111111 1111111111 1111111111.

1111111 111111 1111111ιὶ1111 1111111111 111ιὶ111111νί 1111111 rumim, 11

111111 1111 1111111111 1111111111, 1111111 1111111111νί 1111111111 nm n·

11111, 111111 111 11111 11111111 111111111111 ι 1111111 11111111 1 rm*
1111111 1111111.

1111111111, (1111 1111111 111111111, 11111111 do Κ111111 111111
011111111111111111, 11111 1111111111 1111111111111 111111111111Ι
1111111111, 1111111, ,11 1111111111 11111 1111111111111 11111111 111 11111

1
1

 

 

