111461. 1111111111 1111111111111. 281

1111111111ἷὲ1 111111 111111111 111111 11111 11111111 1111111111 S. 11-
11 1111111 11.

111111 1111111111 minuto narionburg. 111111111111 1111111111 1111111111111.

liuto 111111 11111 1111111 1111111 11111 111111111111. 1111111111 11111-

11111111 1111111111 11111111 1111111111 na 1111111 1111111111. 1111111111 11111-
1111111 1111111111 1111111111οοί1.

11111111 1111111111111111, 11111111 111111 11111 111111111-
1111111, 111111111111 11111111111111 11111111111111111111, 111111111111-
11111111 11111111111111111111, 11111111 111111, 1111 111111 111
1111111 111 1111111 1111111111 11111111111111, 11111 111 111 111111,
1111111 1111111 1111111111111111111 81111111 J 11111 11111111111111
1111111111111111111111111111111111111111111111111. 111111-
11111111 111 11111111 111111 11111111 1111 1111111 11111, 1 11111 11-
11111111111111, 111111111111111111 1111111111 111111111111111, 1111111·
1111. 11111111 111111111, 1111111111 111111111111111111, 1111111 1111-
11111; 1111111111111111111 111111111111. Ρ11 11111111 1111 1111111111
1111111Β111111 1111111111, 111111 11111111111111111111 (1114
1111 1 11111111, 11 ’111111 1111111 11111111 1 1111111 111111111111111
111 111111111 Franks 1111 111 0111, 111111111111111 1111111111 111
1111111111 (11111111111111 1111111111 Β11111111111 1111111111-
11111 Ρ111111) 111111111111 1 11111111 111 111111111111, 11111111
11111111111111111111 111111, 11111 1111111111 1111111, 1111111 Β111111
1111111 11111111111111111111 1111111 11111111111111. 01111111111111111
111111111111111111111 1 111111 1111111, 1 1111111111 11111, 11111 111·-
1111111· Β111111 1111 1111111 111111 1111111111111 1111111111. Do·
111111 111111 111111111111 11111 1111111111 11111ῇ11 1111111111,
11111 0111111, 1111111111 11 11111111, 1111111111 1 1111111111 Β11-
1111111, 111111111111111 1 111111 1111111111 11111. 111Β111111
1111 1111111, 1 1111111111 111111, 111111 111111· 1111111111111111
111111 111 11111111, 111111111111 11111111111111111111, 1 1 1111111111
1111 1111111 11 (1111111. 01111 11111111111111111111 11111111111, zwiel-⁴
kim 11111111 1111111111111111 1111111111, 1111111111111111111111.
11111111 nimi J 1111 1111111111 11111 1 111111, 1111111 111111111
1111111 11111. 1111 1111111 11111111111111 1 111 1111111111111. Β11-
1111 1111111111 11111111 11111 111111110111111 111111 11 (1111-
111, 11111111111 11111111, 111111111111111111111 1111111 (11111111
111111 1 11111111 11111 1111111111. (111111111111 1111111111111 111

 

