191151 0101111010 1091100οο00οκ. 101

110019, 0101000010101019100111199109 Ρο1911910, 0119109191 od Pol-
,911 A 11911 11919 11101 1 11091 1901900009 99 0 1111991090 1 10 91910
,11019100911091101990 1110900911. 10 11101 19019019, 11119 019 10090 111990
,0109 919 01 1900191 111110 09901011 091119, v Ρο1919 09191090019190110
,11911910 1091919. 101191 19110101 10911 919 0 10191919111011, 191
,01999110 1109011919101910 1 09119101 010101, 911 09109119 11909 0019011,
,11119 19909 1111991οο 0 0919190901 10 ningo 11919101 11101 1 11091
,1 111110 0910 1101010191 910191 1000091 0110911 919 1111010 111909110.
,1119 0001111911 190 0910191 11110119 1 100101 0119111 009191 0111019191
,91090090110191910; 01910109000000100009011,1109191011911,1111919119
,11191911.11010090919100 0101900 0119091011 91190019101191191. 11111
,10111901 09 10 9099 0 191019 11191991 1 1900019 0190119191Ι 10901, 111101
,1 0190109100, 1911010191 sami godo 101001 019111, 11111011001109· ’
,1019 919 099111. Ν19 0019001, 1111 1190191119 0101911 10191019 1011990101
,109101 1111 10100909. 1991199009 01010 91901011 109110, 1111010911011111
,1111991119 1 1001110911 910191019 10110091 0191919. 10 9010 019 9109 0919191 .
,10119011 100101 1091191910 1 0909001110,10900910 919 01 1110191 1911,
,11 1091009911, 10 111 0919919 1019 10911οθ1090 9191110111 1 900191101990,
,1111101191 191019901101, 111101019090910919109, 91011919100100010101-

’ ,1009190190191190119001001911090101019111001911019890100191
911, 190 0 01910191. ,1191 191Ε 19010 9199109, 109111, 1910101911110

v ,101111 111110 09191901 919 01010191109019 1090 ..111199109 Po 1110191101

,9119191101 010 019011, 10001101011111911 111191 111. A 1010 01199199191
,1119 1901, 19 191110 1900190 1010111 1011199, 09091910 rm 1101911910091919
,0101909 1911991 191 0101011, 100 919 0 110 0901911110 1111901, 0901901
,1101100191 019 11901901 191091 moga i 01091919 919 9111111. 10, 00 0 091
,1911109111 1 1101911011 119100911910 9119091010, 0101019 1019101090.
„A 1100191191 01199, 1111010101111110, 1919119101 09909101 19110199, 9 011011
,10101 9019091100 191990 919 1011010091, 090000 919 119 01 109191 1911,
,1 19 0101 0019191 1110 0199, 101111111010 1111100919 1111011 019 1900190 11·
,019 1 9091991101110191010119011, 911 11111 0191110019 1110919091 0 019101 191
,191901010100919901 1010 091 0901991 19001119 19101 1109 1911 19111191-
10911, 1 01190901 11110, 901910101901900111919 0 01101001 1911111919 1010
1101900110, 19199 191091 1101110 019019 911910 019 0119011. 1111011099·
10101 1001019919011 1111919119 1911101119 01091111 1 1101 01910 01909111,
1910 11909101991101019190910 0919, 1111111119 Κ9010119109 109111990-
11919 0110100101 110919 1 100910991910119109911019.

 

