472 11111111 1111111111111. 111468.

-,11111111111111111111, 111 1111111 1 11111111 jak i (11111111 1111 111111
,111111 11111111, 1111111111 11111111111111 111111, 111111 1111111 11
,1111111 1111111111, a 11111111 11111111 1111111111. 1111 11111111
,11111111111111111111111111111111111111111, 1111111111
,1 111111111111 1111111 1111111, 11 11611111 111 11111111 moeno 1111111111

· ,1111111111 w razio 11111111 1111111 111111 1111111111 1111111111111 111111,

,1111111 1111111111 11 1111111111, 1111111111 1111111111111. 1111111111,
,1111111111 1 nimi 1111111 11111 1111111111, 111111 1111 11111; 11 1111111
,11111111 11111111, 111 1111111 1111111 11111111111111 1 1111111, 1 1111111111
,11111111 1111 1111111111 1111111111 11111111111111111111111111111, 1111
,1111111111111Κ11111111111111111111111 1111111111 1 1111111, 1111-
,11 1111 1111111111 nie 11111; 11111111111111111111 1111111 111111-
,111 na ’111 11111111, 1111 11 1111, 11111111 krol Κ11111111 1111111
,1111111111 11111111 111111111.“ 011111111111111111, ,11 1111111111 111
,1111111 tego 11111111111111111111111, 11111111111111111111 1111111-
,111111 1 Ρ11111111 1111111111 (111111 11111111 111 1111111111, 111 1111111-
,11111 1111111 1111111111 1111111111 111111 11111111 1111111111111111 nie

,11111111 1111111111111111111, a 1111111111 (1111111 1111111111 krol 11111111
,11111 Ρ1111111 111111111111 111Κ11111111.“
Po 11111111 1111 1111 11111111 1111111111 11111111111111111111, 111-

1111111111011111111111111111111111111111 ,1111111Κ11111111
,111 1111111 111 1111111111 1111111 01111111, 11111111111111111111
,1111111 111111 1111111111, 111 (111 11111111 1111111111 11111 11 1111111111 do
,11111 11111111, 1111111111 1111111111 1111111 S. Β1111111111. Β11
,11111 11111111 1 11111111111111111 111111 1111111111 1111111111 1111111
,11 111111 1111 1111111 11111111 1111111111, 1 11111 1111111111, 11111 111 111111
,11111111 1111111111. 1111111 111 1111111111 11111111 1111 111111 po 11111111
,01111111 1111 1 11111 1111 1 1111111 11111111 1111111, 111111 111111111-

. ,1111111111111 Β11111111111111 111111 11111111,111111111111, 1111 1111111111

,11111111111111 11111 11 1111111111 11111111. 1111 11111111 [1111111111 nie
,1111 1111111111 krol 1111111111, 1111111111111111111 11 11111111
,1111 1111111111 1111111111, 11111111 111111111111, jak 1111111111 1 nie·
,1111111111 11111 1111111 1111111111 1111111111 1111111111, po 1111 11111 1111-
,1111111 111111 8111111, 11111111 1111111111 11111111111111111 Ρ111111,
,81111111111111111 111111111111, 1 bez 1111111111111 11 1111111
,1111 11111111111111111111 1 1111111. 1111111111 1111111111 11111111 Ka·
,1111111111 1111111111 Ρ111111111, 1111 1111111111 111111111111 111111
,1111 11111111 11111111, 11111111111111 1111111111 11111111. 1111111111111111111
,1111111111 1 1111 rada 111111 11111111 11111111111111111111111 11111111
,Κ111111111-1, 11111111 111111, 11 11111 1111111111111111111 111111-

 

