92292222 2222 923 ’2292222 2299229 9292992 [9229929299 9222222292 92929
-2222 9 ’922922 2 2929 9292292299 929929 29292 922932 92292929292229 9222
9222299292 22 929 (2992 9299922293292 222292 2922922 u0 9222929922 2922229
2292222, 292 9229292292 9222922 292 92922929 22922 9392992 2292929292
922922 292292 110 2292922292299 922 (2292292992 92292929292 2992222 (2222
92 299292922992 29 2 22293 9229222299 92292992 2922 239222 292 29222
9299 ι23922 2 2929222 29299 592929 292 92 292929 9929292292 299 (92922
29292 2922 2929 92222 (929292 2929222 292 9222922 292 2 (2299222, 292229
292292 22922 2299229 929223 92292 (22992922 92929992 292922 92922
-929222 9922 2922 29222 29929 22 92 2929929 9392 292922 2 929929 993922
299992 92 29922929 22299 9 ι222922922 2 2292922 9929 29229 292 2929222 2
29292299 222999 29929 29292 62229292 92929 929222 92 99992922 922 (92922
229222 22922229 [92992 222 2922929999 292229 922 ,22292 299222 92 299 ¹
[9229299 2922 92 9229292292 922 29292 292 92 22 292992 ι2292299 93“
-as 2992292299 2 929 229292 ί92292292 93929292 2222292922 2229 ι22292 229922
,2929299 2 222299292 ι9229299 292292 9399999232299 929292 (93922 299299
§nd 22392222 2 222292 929232 92 92 2 29299292 ,9399 ,9922 929 92229299
2392 922 29292 2292299229 292922292922 2 922992229222 ι9222 Ι992292 ww
-222 2 9292229 922922 92222 2 229292292 99 ι2292292392 2 2922992222 222“
-222 2929292 929229 off ‘memma 229292 9 4229292 2229222922 2 922929999
92292922 ι9392299222 9992229 929292922 (9292992929922 939292922292
93929 92 9292999 292992 ι292922 29922929999 2992 92 9929299229 9222
’2292929 92 922
929 299222 2 22299 ’292922 99292 9229292 299292293922 292 99229292 223
2299292929 929929 22 922922 9 2929922 92222 29392 2292292 2 22239 22
9992992 22929 92292922 222922 93929 929292 2 222929 292292 22929239 22
2222 9392222 (22992922 92929292 292922 92 (2299223922 2 2 9292 999
-292 2 292 9999292 229222922 923 ι922229 922929292 2 92929292 ι22292 922922
92 92922 22292399 222222 49392292922922 92929992 9292922 92292
92 92292 299 ι939299 2 29229292 222929 299 29 9292921 (2292292299229 2
2929292 2 222222 299222 2922222 (9229999 (9292999 92 92922 29929292 ’992
wind 9222929922 92 92299292 92299 29 922 22222999 92299 9229299229 92
93 9999229292 ι2292292923922 2292222 2292929922 292922 92929292
2922222 292999 92922922 9229292 2292929222 239299 9229922222 2 92929929
92 ’992299 9 29292222929222 9392 9929929 9299222922 9292992929922 92 292
229222 2 2922992222 2292922 22222 22 2299222292 2229292999 92292 2929
92 ’2929922292 2922 92929 92999 299 29 2 2292222 ι29229292 2223222 2
929 22299299 2 (2923922 92 229222 22292292 22222 92 929922 2 29292 2922
229292 9229292292 2 9292 929222 92 2292929 (92922 92 222 9292222Χ
9229299229 92929292 9292922 9 ζ22992922 9292922999 929 ι9292292

ἶ 'w Ἥ ’2229292222 29222222 889

 

