210 1100101000 1100110100111. 111456.

1101000101011101010101010000011100001 00101110. 000010 10100111,
· 011000, 10 1000100100101 010 0 00010010 0011011001 010 01010, 0010 10110
1010100 010 00100010, 0 01011110 0100001111 10110111, 10 001010000 1110 11010110
1011010110 1 1011101110 00111101 110010, 011001 11001011 1011110010 10111, 01010
01010 000101011101 0 001010 00011111 001110, 0010, 10 010 01011110 00100111,
1 1101000110 00010 11111101 00 sobae 0001000011, 10001 00101101, 0 01010101 11101
010 10 11110000010. 1101010 01100101010110000000000010010110010010
0110 10100111, 1 0001011110 101011 0011100001 0 01011001, 0110110010 0101-
1101 10101, 0001110100101 001011 010111, 111010 101010 0010110101, 1111101 01111-
10000 0 10111 1010 00000010110, 01101010101011 Bogu, 10010101 1000 1100110
10000111 00101001001101101 0010111110 01001011001010111, 0010100 J 011 Kapi-
01100 0101 10 01010 00101110110 1010110000, 10 001ος0 10010 1 0010000
11111(όο 1011 11000 0010100111 00010011, 010 1100110011 0001000111 1100101,
010 0010110 01100110 0101011101 1 000100110. Po 1110 0001001010, 1011 Hu-
11101 0101101001001100101, 0 001011 10110 Κο01011000, 10001 0010-
10000 010101 111011 0011110 1100100101; 001010 001 0010100110 01010001οἰ1
10 Budy, 011 10 11000111 0001000101 0000011111, 01000110100, 1011110111(
0010000000ἰο 010 000101 110011 1 0100001110 10000001 011111, 1110100010 11000
0111 0 0010 0101000101.

[0110101111οο 110 11 1111011110 10111110. 11111011 10111 111101101011011010
· 1101101.

= Nie 11101110 1 0 11111 0100111100οέ, 10 0011010 po S. 111010 11100010
010 0 11110010101010111111 10111010, 111110 0101010110 0011110111 101010100-
01010111 0 01111000, 0 01100100 1110 01000 0010 000 01 (10 0001010 0101100,
001000100 1010110 00010 00111 00011 011000 ku 01111001, 0010010 001 00010 10
000101001101001010010111 00000010 010 0 1110100111 0001010110. 1110111011
101 0101110101001000100, 010 11011110. Bieg 011110 0 01000 10111000 11110-
01000. ’Ζ tego 01001010 0111111 10101 11101000 000101100 0110 001110, 1111101
00011 11111011010101, 0111, 1100101001, inni 000101 1 1100110 1111110,

111110 0 001001 100001 1100100110, 101110 010 00101 00010101010. Ale 0010101000 ¹

010011100100101110010101 11010011 010000010100001100001, 111010,
1 0101111101 000001οο1 1110111101 101011, 1101000, 10 0111000 0001111 0111-
1010 010 010001 10 1101 110110, 01101110 1011001, 0 0100111 1000011000οη0
010010000011110111 1111001000 1010100010. ’101 001 011110 01000 0010 1010 001011
1000000, 10 0 0101100011 001100000101 011001 0000011ἰο 011010 0000100100,
0 0 11111101 1010100001 01011000 00011 101 01011110. Ζ 101 010100101010100110
1001100010, 0101000 100010000010 Prus 110 1111110000 0110111, 01011101001011

 

