6. 1456. 66666666 6666666666. 221

61666816661616616 6616116661, 6661661166 666166 J 66 Κ66161666,11όῑ6, '
jak 6166 66166 6616111666, 666661666666666661 66116 1166166661, bro·
6166 16661 1616 66616 Β61666116, 6161116 uad Turkiem 661661 611661
(16166 go 6611666666 6161661 by} 6666166166, 666661616616166 666116616τοί6 ,
rzeozonego 6161166616. Β6161 uad 616616 161 66666666 1 66666666 6 11616· ·
16616 1661616616, 66116666 (1616166 1 6166166666 116661 66666 6 66666616
6666616 166166, 11166 66661( 66666616 6 1166166661 66616661. Ζ tego
6661616616 (1616116111, 661666166ῃί6 16666166, 16166 6616166666· 1 166666]
biogunki. 16666616 go bowiem 61666 661666 616661616616 6616166116]ςὶ
6116666166, doszedlszy ostatniego 16666 16616, 1616166161661666166·
61666 1661616616 161 16116 1 16661616, 661116 snam sp0k0Jnym 66666161,
6 6166616116616661166111616 (U 161) Bogu duoha' 61161, 1 6161616-
16 N. 116661, 661666 S. Franciszka, 6 66666666 6161616 111616
6661166666 666161, 6666166666 16161616 616161666161666166, 6 6 6616616 66
6166166 1 66116661 6661666616 61666 Β61666 6166616666 lat 66166161οὲ61.
111616 6666 po 661661 6661666616 posta& 161 6116166666, 66 616 6661666 .
1166166666 616 666666· 16666 sie 66166616. 1111616 66166 16161 6166116
1616166166, 16 66 6666 66666666 616666 6166616611 6166616 1 6 6666611661]
666161611161616661. Ρ166666666, nim Bogu (166116 61161, 61161666 go, 16
66666 (16166 6166661661 16661616 6616661. Agdy bracia j0g0 6616661,
6 11166611 661666, 666166166661611 66 1616616, 6666666161, 16 go zgonom
6666166, drugim, 16 go 66661666 (66 6666616616 sie 6116116) 6666166611 go:
,6161166 6661161611 61666 161 66666611 6166616161ι „20 161 61666666 6116161
,1166166 11666 1616111166 66616166616116666616, 1616166 pisarz 616 616·
,161166 ioh 61666111666616666· emme!

1116166166, tyn 1166161661611666166116616, 111616 16611666 1161116 6166
16116 wege 661166.

(116 1116166166 krol WQgierski 66661 6 66161666 66661166,
66166666 1616 1 666666 1666166661] 61616666, 661 Belgrad, 116 6661616-
gnienia ’16616666611116 6616161661 666666 61611666616611166166 66616-
661 6161611 66116 6666661, 661661666616661616616616616, 16 Turcy siedzieli
6661666616, 1 1666666166 6 666616 6166611611. 1166616166611116166166 ’
6661116166· ku Belgradowi, 6666666666 6161666 (1661116166 1666666166
666661 6161166166 111616616666ἰῇ 6 odda& go 6 (16161666 11166-
1661116611 116111, 116666166666616 66666661 1661666, 6161661666] 166-
1661 1 hrabi (16111; 6 to 6 666666 6666666666 hrabi Ulryka‚ 11166
6666 6616616616 166661 666116 i 666666666666161616 16161666 11166-

 

