9999 99999 999999
Γ 9999999999 9999999( 99999999 99999999 9 9999 99 99 (9999999999 999999 99999
9 -999 9 9 9999999 (9999999999 999999 999 99999 999 9999999 99 (99999 99 999

Γ
¹ 99999999 9999999Γ 9999· 9Γ99999 9999999999 9999 999 999 (99999Γ999 9 999999
999 9 9999 99 999 9999999 9999 ’9999999 od 99 Γ99999 9 99999999 99999999999
999 99999 (99999 99999 9999999 9999999999 99 9999999 9999 9999999999 9999
9999 99999 999 9999999 999999 Γ999 99999999 od 99999 9999999 99999 (999
-99999 Γ 99999999999 999 99999999999 99999 (99 9999999 999999 999Γ 99 (999
999999999999999999999999999 (Γ9999999999 9 Γ999999Γ999( Γ9999
9999999 (Γ99999999999999 (99 999Γ( ΓΓ999999 99999999 99999 99999999
-9999999 99999 9 9999999 99 99999999999 99 99999999 9 9999999 99999999
9999 999 ’99999 9 999999999 99999Γ 99 9999999 9999999999 999999999999
99999999 9Γ999 999999999 99 9999999 99 99999 9999999 99999999999 99999
-999999 9 (9999999999 9999 999999 999999 (99999999 9 99999 99 999999 9999
-9999 9999999 (999999999 9999999 9999 (9999999999 9 9999999999 99999 (99999
-9999 99999999399999 99 (99999999999999 99999999 99 99999 (9999999999 99999
-9999 9999999999 9999 (99999 99 9999999999 9999 99999ΓΓ9 9999999999 9
’99999 9 99999 999 99Γ99Γ999 999999Γ99 99 99999999 99999 (99999999 Γ999999
-999 Γ99999 9999999999 999 9999 99999999999999 999 99999999 (999999999 99999
9999999999 99 99999999 9999999999 9999999999 9 9999999999 999 99999 9999999
999999999999 9999Γ99 99 999 9999 99999999 999 999999999999 999 999
9999999999 9999 (99999 9 999999 999999999 999999 (99999999 99 9999
-99999 9 99999999 99999999 9999999999 999999Γ9 (999999 9999999999999999999
(99999999 99 (9999 999 999 9999999 99999999 9 999 99999 99 (999999
9999999991 99999 (999Γ 99 (99999 99999 9999999999 99 9999999999 99 99999
99Γ99 999999 (9999999999 999999999999 99999999 999999 999999 9999 99999
-99999 ’999999999999 9 9999999 99 9999999 9999999999 999 9999999 99 (9999
9999999 9Γ999 99999999 9999999 9999 99 (999999999 9999999999 99 9999999 999
-999999 99999 999 999 ’9999999999 9999991999 99999999 od 999 9999199999 9999
99 9 (9999999999 999999 9Γ 9999999 9 (Γ99999999999 99999999 9 999999999
’ (99999999 999999 99 999 9999999 (99999 99 9999999999 9999999 99999999 999
-9999 9 9999999999 99999 9999999999 9 999 (999999 99 99999999 (999999

-9 99 9999999999 99 9999 99999 (999999 9 99Γ 99999 999· (9999999999

’9999999999 999999 99999999 99 9999999 9999999999

9999999999 Γ99 9999999999 999 99999999 99999 99 99999999 999 999999 (9999999
-9999 99999 99999 99 9999999999 99999999 9 (9999999 ι 9999999999 99999999

zm 99 9999999999999 9999999999 999

 

