111 111111 11 1111 111111111111 ’1 111111 1 1111111111 ι1311111111·
-1111 1111111111 1111111111 61111111111111111111111 1111111111 1 1111111
111311 1111 111111 1111 1111111111111 11111111111111111111 ι111111
1111111111131 1111111111 1 11111111111111 1111 ι1111111111 11111 11111
111 11111 111111 111111 111 1 11111111 ’111111111111 1 1111111 1111111111
-11111111111111111 11111 1111111 1111111111 1111111111111 1111111111 1111111

¹ -11111 111111111111111111 11111 11131111 ι11111111111111111111111111
5 111111111111111111111 11111111111111111 11 11111111 ι11111111111111

11111 111 1111111111 1111113111 11111111111111 1111111 11111 1111111111
1111 11111111 11111 11111 1111111111 111111 111111 1111111 1111111111
1111 11 1111 111111 1111111111 11111 111111111 111111 1111111111111 1

¹ 111 1111111111 1 ί111111 111111 111111 1111111 11111111111111111111111111

k

1111411111 1111111111 111111 111111111 1 (111111 111 11111111 11111111
-1111 111111 111111 11111111 111 1111111 1111111111 11111111111111111111
111111 11111111 11111111 1111110 1111111 111111 11111111 11111111
1111111111131111111111111111 111111 11111111111 1111111111 1111111 1111111
111111111111111111 1111111 1111111111 1111111 1111111 11111111 1111111
111 11111111 111111 11311 ι11111111111111111 *11111 11111111111111
111111 1111111 1111111111 111111 1111 11111111 1111111 13111111 11111111
111 11 111111 111111 11111 1 δ’111111111111 11111111 1111111111 111111·
’11111111111111111111111111111111111111111111111111111111
-111 111111 111111 13111 ’1111111111 111111111111111 (111111111111111
-11 1111111111 1 ’1111111111 1 11111111 1111 1111111111 1111111111 1111111
-111 111111 111 11111111 11311 1111 1111111 (1111111111 1111111 1 1111111
11111111 111 1111111111 71111111111) 11111111 11111111 1 1111111111 1111111
11111111 1111111111 1111111111 1 111 1111111111111111111 11111 11 1111111Ι

1111111 1111111111 1111111 1111111111 11111111 1111111111111111111111 1

1111111111111111111111111111 1111111111 11111111 11111 1111111 1111
11111111 11111111 11 1111111111111111111 111111111111 (1111111 111111 11
ι11111111 11111 111111111111111 11111111111111111 1111111111111 1111
-1111111111111111111111111111111 ι11111111 11111 1111111111 1111111111
11111111 1 ι11111111 111 1111111 11111 (111111 11 1111111111 1311111111111
-11111 op 1111111111 111111 1111111111 1 (11111111 111 1111111111 11111
111 11111111 »1111 1111 11111 111111111111111111 1 (1111111111 11111111
111111 11111 1111111111111111111111111111111 111 1111111111 11111
111111 ι111111111111111111 111111111 1111111 1111 111 111“ 11111 1111111
’1111111111111 11111111 1111111 111111111111 111 (11111111111111111111111111
111111 *1111111 111111111111111111111111111111 111 1111111 111 1 11111
111111111111111111 1111 111111 111 111111 1111111111111 1111111111111
11111111 11111110 1 111 11111111 5111111 111111111111111111111

’1911 '²1 ’1111111111111 1111111111 8οΙ

 

