286 11110101 1101110101111. 0. 14611. J

1111101001 110100 11101011. Το01111011011 1 1101101010, 101111 1011001 1110-
1110011010 010101011111 1 1111011 11101111 1 110101011110101
’ 0010101111. 111001011101111810110, 100011111010111, 1011101101 101011101 1
0011010111010101, 011111111001 1 Ρ110 00111011 byli 10111001, 11111
0001011101 00110 1111110111010101101110111 1011010110 1111011 10111. 1101111
1111 0010111 11101101110111011010 Tenedos, 1111011 10110 1010101101111-
111010101011010 10101011 11101101101111Το1111 1001101111 010101. 1
1111011001οηἰο 10101011011110 0011 101111) 1 8101110 10001 11110 Pol· 1
0111010,100111011001 1111011111 1111 1 1010101 10010110 1011 1011001101
101101011,“ 1 00111011 110111 10101011 10 8101100 1100101010, 0111 1010110110
1110110110 101010101 1011010 011101010110101001110 10111010 101110101010,
1111 1110011 10110 00111 11110 11010101011 Ν101101. 11001 101101 110010 01
010101 10 Κ11110101111, 111010 101101010110110110 11011 1111111110 0110111.
Ρο0101011010 10110 1101001111 11011111 ,0110101101 111001011011 11101
,8101100 1100101010 1 11101111 8101101 110 1011101011111 011011101101111-
,011010 0010101 Ρο1101 Ρ111, 10110110111 10 110110 11010 J 01111
1 810110, 1101001010 Κ1011010111010, 110010 111101011010,1111110110110
0110101 110 0100111010 1001101010110 1 11110111 11110 1 1111100110, 1101010-
11110100 0 1011111011 1111011 111110 1010 11111110100111 1010110, 1101110101 10
111110 1 0111 1 1000110101 (110101010110110 101010110111011,·1111111111
1010110 0110111101οἰ 1101001 1111011010 101110110 11010111. Γ10 0101111010- J
0111010 0110101 100 100101 1111111111, 1010101110 1110 101010,110101000- 1
110111 1 10111 11010110110 1001011101110111011 10110, 01011 1110111111 J
01111111011,1 111011010 1101000110 1 1011010 1011011 10111110 0010110 J
1101011011οο 1111110111, 0011111101101110110 1 1101010110 Κ1111011,10’- J
10101011,111101111110011 Κο11111011011 1111011 Ρο101110110, 11010
1001011 1011111011 1 810110, 001101 0111101000111010,101111010 11110-
10010, 11101 0011010 Ρ1100 1011010 1101010. 1111101111101 11111011 111-
11111011011, 1011101 1010111011 11010101001110101, 101110 1 110101011-
110111011011010, 1010101011111110111010, 1100010110 1 1011010, Ρ1001
001101111110010101. 01100111 10001 1111101011 1011111 1 8101100 101 10111·-
10101 1100111011.

nou« mim 1000.

111111 0 11111111οῐ10 1111111 [eximiorum 11110111 10101101101111 111111
1110111111.

, Ρ11010010110110 1110 1010 10101011 10 110111110110 111110 Pol·
011010 10111οἱ10, 101011011100111010 110010110 00011, 01011110111-

 

