9222 92222 92929 292212222221 22 222 193922929222922 2299222222
29222 229922 ’2929 2 93929 222222 292 2292221 2929222221 299291 2 2229

1 22222192 92 ι2922222 2 *229222 92 929922 2229229921 (229229 92 222992 9392

229 2922222 29299992 ι9392299992[291922222292922222999 299922
22992 229229292222 2929992929 9229929 2 2222122 2229222 ι92229 2221 2222
2992223222919 292 2929922 ι2292229222 2 2222 ί29992922 2222222222
-922 2 22999 929222 29 1222222, 2299221 9929292 2229292ἓῦ M 222922
22222122 9992 922 2 9292299229992229 2992222 2 2922992222 2 929 2222292922
*22922222 92222 22 229229299221 9392 229 922 22929922 2929229 92 22 29222
-9221 29222322 92922 29 29922221 92222 ι2923922 92 929 22292299 229
-222, 2229229292 2222299 2 22929 222229 (2222 2 292 92222221 22222 2

2 9229222 921 22222 (22222922122222222 922 (29222201222222 offas 2922

222 ι929 92292 292922 *2223922221 2 22222229 992922 29292 222 2 2299
-222 9392 992919 9392299222 2222999 229 ι222222 29992222 [9229292922
9292 92 2222221 ι22292292222 2 22229222 2992222222 2922 229222,

22922 op 2229121 2 9229229222 οοπιῖέἳῗῗιὶιη ’9292299222 222299 219 ’22222

92929 229222 92922222 2222 299922 292992 2 92199922
9292 2 92 929292222 ι2292922 92292992 2 229222 2292222919 (229229 22222222
2922222 9222922 29 2292911 999292 2922292 2 929 92229 9229 292 2229229221
22929 29222192 2922 ι22922 2222122221 2292 ί9229292221 2292922 222 922922
29292222 292292 od 99222 922 ι22222 929 22222912 92229 922 22929 99 29222
2219221 22222 22922 9222222 22 929 2222292219 2922291922 2 229222
22292292 22992 9 ι92222 229212 222222922121 929 92 22222922 έ22222299221

299929 9292992 2292299221 292222 21 2 129221 292992 222922 2222299221 292 2992 ’

29222 2 222 292292 9299222922 29222 22929 22229221 9229 29 2212229229
-9222 9292222292) 229993 923229 9299229929 222 29221 92223 192292292229
92 922922 f 2 91 2929222 92 2222221 2992210 29221 99229222 ’2922
-29222 29222 2922299292 2ο 9229229922 2 222 2222222222 23999229 929222
22222299 222929292 od 22992210 92 2229992 22922222 2 92222222 2222
-99 2992292 1292222992 92292 2229122929 2 ί92992 29922 22 2222222 s
29229222 92 92929212 229222 2 99222 2 2222221 2922229 2 99222

222 29221 1929222 9392922 2 22922299222 2992 2992222222 ι2929299212 ’

2222299292 29222 2 *9229292222 222222 2212222222 ι229222 M

999292 A 22922 2229222222

’1221 '²1 ’2292922222 29222222

 

