1614411. ι 6666666666 66666666166666. 27

66666 Β661616 6166166166 16661666 1 61666161661666 61616116 616666 6661166161,
666661, 666616 1666166166 6666616616 6166 6166 66616 6666.

mm 1666616666 616 6661666 66666 16116 1161661666 u 1661166616 16116
1666611666.

11166666, 66666 61616166166 666616166 616 Fr 61666166 116116 116666-
6161666, 1661611, 616 166666616161611166166 1161661666, 666611-
16616, 16166666 6161611 166666666. 1661166616 616661616161ε ,16 61666616
,11166666 66666111, 116666616 166616 66666 666611. Κ66666666 66616616 616-
,661666166 616116166166 666 661 161 1666666666. Ρ6166616166666 mu
,666666 66161666; 66166666 661616 616 666616 166 1116 61666 61661666166666,
,6616 1166166616 166616 11666611666, 116661616666166666666, 1 1616-
„remu 66666 166 666116 666666616. Ρ661661661666 666166, 66111616166666-
,16661616 (16661616, 6166666666 66666661 1661661666 66661 66666 616 66666,-
,61661.“ Ta 6616661611 66661116 116616 666616 66166166 1166666616 16611666
166166611666, 1 666166661666 66666616 6666661661 616 6 66666 166616 666166.
J an Η661661, 61611666616611166166, 6 6166666661 6116 61666661 666166
1661116 61661661; 616 61666161 1666 66166666 1 6661666 6666166661, 616 6116161
66616616 166616 1 166666, 661 6616166661 11666666 66661666 6116661661.

1616616 11161616 66 1166161666 1661616616 1166611666, 616666661611661616116,
66616666 616, 1 666666161661 61166666, 16666.

. 1116166616 6161661 66666, 166161616166 66666661616 6666116, 16 661616
6161161 1661616 Κ661661666 616 616161161 6666666 6666116 6 Ρ61666, 66-
6166661666 66161666 666 16616. Ζ6 6666 1661666 6666666616 6 111616 6161166
6666 66661666 6661 66666616, 1 16161 6666 666161 66666 66616616 616 6616166,
6616 666666161661 6 66666 6166661666661616 616666116616 1 666166611 6666 66-
66166. 116666 1611616 16 6616666161 6666166161. Β61 66166166 6616166661 6166611
866116186661616) 1616161166161666 6616 1 6166661166, 661616166166 6661-
16166 666116, 6161166166 6666161666 Κ6616616666, 6616111666 1661616616 Li-
tewskiego. ’16166 gdy 666666161661666666611 616666 6666 6661666166
(161166 1661666 6 6161161616 6 1661616616 16616616 66161 116 61666 6666616616166),
666166661 66 661616 16666 66666166661 1 6661661 66 66 661666616, 116116 1666-
66666666 mu 6666666 666661 1611 1666666 6666116661661666 6666 66 6666 116-
61616666 616111666 1661616616, 616666666666666 6666 66616166, 666611 go, 616
mu 166666166616616666 66161661 66666616, 161166 61616 Κ661661666 mia}

 

