1111111111 1 11111111 1111111111111 (111111111111111111111 111111111111111111
, 11111111 1111111111 ι1111111111 11111111 111111111111111111 (11111111
111111111 11111111111111111111 1 11111111 111 (1111111111 111111 1111
-1111 11111111111111111 11111111111111111 111111111111111 111111 11111
111111111111 1111111111 11111 1111111 11111 11111111111111111111111
ι(1111111111 111111 11 1111111111111111 ι11111111111111111111111111
111111111 1111111111 1111111111111 1111 111 111111 11111111 111111111111
-od 11 (1111111111111 11111111 1111111 1111111111111 11111111111 11111
1111 1111111111 11111 ί11111 11111111111111111111 1111111111111111 111111
1111111111 ι111111 1111 61111111111 1 111111 111111111111
11111111 11111111111111 1111111111 111111111111111111 11111 1111111 1111
-11111 111 111111 111 11111 111 4111111111 11111 11111111 11111 ι1111111
1111111111 11111111111111111 1111 1111111111 Ε1111111111 1111111111111111111
11 1111111 *11111111 1111111111 1111 11 11111 1111111 1111111111 11 111111
’ ί111111 [11111111 1111 1111111111 11 1111 111 1111111111 ι1111111 1 11
’-111111111111111111 (111111111111111111111111111111 ’11111111
1111111111111111 1111111111111111 1 11111111111111111 1 111111 1111 11111
-111111111111 1111111 111111111 111 11111 111111111111111 111 (111111
1111111111111111111111111111111111111111’11111111111111111
1111111111 11111111111111 1111 1311111 1111111 111111 1111 111
-111111111111111111111 1111 1 111111111 111111 111 1111111 [11111111 111
-111111111111111111 1111111111 111 111 11111111 1111111 1111111 1111111
1111 11 1111111 111111111 1111111111 11111 111111111111111111111111 1111111
11111 ξ111111111111 11111111 11111 11111111111111111 1111111 11111111111
11111111 1111111 1111111111111 1 1111111) 111111 11111111 11111111
ι1111111 11111111 11111111111111 1111111 111111 11 1111111111 111111 1 111
111 111111111111111111 111111111111 11111111111 11111111 1111111111
1111111111 ι111111111 111111 11111111 111111111111 11 ι1111111111 111111
,1111111111 1 111111 11111 111 1111111 1111111 1111111 111111 ί1111111 111111
1111111111 1 11111 111111111111111 1111111 111 111111111 ί111111111
1111 1111111111 1111111111 111111 11 11111111131111 11111 11111111
-11 1111111 111111111111 111111111 (1111111 111 11111 111111 1111111 11
-1111 1111111111 111111111 1111111111 11 *11111111111 1111111111111111
11111111 11111111 1111111111 1111111 1111111111111111111111111111111111111
311111 11111111 11111111 1311111 1311111 11 11111111 11111 ί11111111
1111111 1111111 111 11111111 111 111111111 11111 ,1111111111 1111111 w
1111111111 1111111111111 ι111111111111 11111 1111111111 11111111 11*
-111111111111111111 111111111111111 1 1111111111 111111 ι11111111 111*
[1111111111οᾶ 1111111111 111111 1111 111111 1111111 111111 1 1111111 111ις
111111 11111111111111111 1111111 111111111111111 111111 ·1111111111111111’

etz ’111110111111 1111111111 ‘9qu Ἢ ,

 

