414 6666666666 6666666616666. 661468.

,1611666166 6666616 0161166 166616161166· 1 66666666 6666666666 6661611,
,66666116 66666] 616666 6616661; 6 6666661661 1666666661 616 61666 1 6611-
,61166616166·6616616661166666116116661661 6616611 0616166666616, ,16
,16666 6666116661, 6616 166666666616, 6166661611 1 661166661161666161
,616 66116611, 16 6661666611, 66616 6166666166166666666 6116666, 16116
,6166 0666116 61616666 1666666 jak 16116 666661 16116 116616616666
,6116661 616 6666666 16161616166, 11166 6 06661661 6 6666666666 6661611
,1 6616616116666 161166166 66166661 66166666 66161616 666616, 616 61611166
,6616616 66116161 1 666661666616066611616 1611661 Ρ616116666 Κ661-
,61666661 116 6166 1611 Κ661661666 666161 6666616166 66666 66 6661-
,61616666 66616 066611, 661666 6161666166116116 1666666 1066616166
,6666666166 6666661661, 11166 666661 Κ661661666661 6661666166 66666615
11616161 6666666666 616161666616 1666666, 11166 661 616161666 1616666,
,1 66161166· 6666616666, 1661666661166666666666116, 6166616161666 666666166
,16Κ6616616661611Ρ61611616666666166661161161666666 11661
,166166 066611666 66666161661616 161616 66116661116666666611616 666-
,6161666666 1 661161661 6666661 6116166661 6666116, 661611 16116 61666-
,66666616661616661666616166, w 6616 6616666666ιί6 6666666616Ι 66166. Ze
,16666 1 066616616 6666666616166166 1 1666661616116 166166666616
,661611 06661161611666 616 1666 166666 611666, 16116 666616116Κ661-
,6616666 11166666 6661666166 16666 61666616 6666666 661616. 1661611666
,661666 6666616 66161 1616 16666161, 66 6666616666 66616 1166161 66661616
,66]66. Ze 66166166 1166161666 1611 Ρ61611 616 6166161 666666666 6 6666Ι
,616666 66166161616616 6666166616 1666666 6 6666161666 1 161616166116666-
,616166, 661611 166661661666161166 166616 6666· 116 8161166 1666161611]
,6666166161 6 6666611666 616161661666666661 116116, 6666611616 66 16666 pra·
„wej 616661666666166666166666661 6 6666161666 1 16666661 16161616 1616
,11611661.“ 1166166666 1616 61666161616 1116661661 Κ66116 6661661616
6 6666661616 16 06661, 616 6666666666 16616 6661661661, 61 1611616666
66616 661616 6666166661, 6611616666 66616 1 6661661666616 6166666 66666 666-
611616116Κ6616616666 6 Ρ66166 1 1166616616, 1 616166 66166166
16116616661661666. 1116166116 16 6166661611 1666666 6 61611166Ι 1666161.
01661616161661666, 616 1661661666 1611 Ρ61611 6 6661616166 6661166
66661166 616 6166661 61616 66 61616 616666 06661, 1 6166 6 nim 616 66666-
16116116616616666 66661 6166666666161, 11616 6161616 1166166· 1611116
616661166666666161666666 66666, 6111666 66666 66661666. 1616166-
66666666 6666116 16 66166666616 66666 0666116 j, 1661 6666661166 6666116,
616666 1666 01666666 616666666, 11166 616 66161 6666666666 6666616166
6666666661, 6 6 1116666 6166661666 Mi 1616 j 6 Skopa 1666161666 01616
6161611666. ‘

 

