258⁴ 1111161661 116161161161111. 161458.

do 61616 6166111661 11611116 11111161 1 16116616 1116116161661. W Ponio-
(11161611 1111611 6166116161611116116111611861111611 111111111111116 Κ1111661,
1111116 661616 1166116616 616111 6611611116 616616 1116666611. 11111611116111
1611161111. SwthJch 11111611 11161 16166616 1116116111 Krakowskiego
616611111616 11111666 Ε1111611 drugim 1161611661 6111616 11111 61 16161
66 0111611611 6 1111611 S. Franciszka. 11116666 go Κ111161611661.
01116161 6111116111 616 6166111616 11161 (1611111111. Ρ61116 16111616111161116·
66161 1611616661, 611616661666611616116111116616, 6111116616166 1161116666,
111116 6 16116 1116611161 11161661 6111611116 61116111, 1116161666 66 S. 11161·
6161111116616616111611 1611666616 1161161. 161161 116611611616 podlug 11111-
116616616 61111616 6 1116 616616 6661111111. ·

1616111116 1611616 11111 1161111616 16 11116 1611616116, 111661111116 spade&
1116111161· 161661 616611 111116111166111, 1161661116111611161611611616 116
(1666161616 1611661 161161611661.

0111116611 611 11161 tego 66116111 66 S. J 6111161, w 616616666111111116,
111111 6161611661 6 Κ16116616. Ν661611 111616661161116111 16111666 6 11111,
, ,111611661116161116161616 61161661 6111666111 1 116116166616116161111,111116
,1 61661161 11661661 1116111116 1616166661 11111 1616616611 Ρ1111111 1611166
6166 16616616 16111116 111116 11661116161161616611 Κ6611161Β6-
61611Ρ6111161,1616616111611Κ611111161166111111661Ρ61611161611ρο-

661616666616,111161116161116111ε ,1111611111 (161116 1 6111611111, 16 J
,16 11616161 ’111611161666 1111166166 01661116 61661116 66 Κ61111116111 3

,111116Ρ616111616 116116 1616166166, 1 16116616 po 1611616 J 6111116 na
,61611 6161161166111116; 61161 161116 16116116116616, 1111161661 1616 61616,
,1611116 661616 66616666161661611, do 11666 1166111616 616 161611 661116
,11161 1661611161161166666 (116 Κ6111616116 111116 Polskiego i jago
„potomstwa. 6161616 1611111, 16 616 1661161111 1 11161 11116661161, ani
,6611161616 zaszchtu 1111116616. Α 161611 16166111661111166161161661, 6611-
,61116 116616161611661616616161611611 61116116, 61616116 16116616 1161116
,0166111616 Ρ1661 161116, 1111 Κ61116161111111Ρ616111 16616661 (111
,111616 1111161111-1161116611, a 66611 11116111161611 6611611 go 166161 611111-

 

,616116116616 666161 611611 61611661. 111161 16116 16611111166611116161661161 J

,6616111616 1 11611161 66611116Ρ166, 161161116611 1 111611Κ111161116, 611-
,111 611 Κ1111111611661 11111661 1616111666 61666111166161 6161161116
,11616 61616 1661616616. 1116 6161661111 16611661111 61166166 1311111116,

, ,1111 1111166166 Ρ6161116 16116616 1 1616 611661 1116 6161111616 6616161163.

1161616 1166616161 1111111111 61161 16616616 66611616 1161111 16116661. Κ611-

 

Ι

