26 1111111111 111111111111. 111446.

1111111111 111111 Ρ111111111 1111111, 1111111 11111111111111111111111
111111 1111111111 111111111111111 111111 11111111,1111111111 11111111, 11
Ι 1111 1111 1111111111 11111 1111111 11111111 1111 11111 1 11111111 1111-
111111, 111111111 1111111111 go do 111111 111111111111111111111, 1111111
Ρ1111111111111111111111111]1111111111] Η1111111111, 1111111111, 1111111111
111111 11111111111111111111 1111111111, 1 1111111 S. 1111 (11111111111
1111 1111111111 11 1111111111 1111111111. Na 1111111 111 1111111 1111111111,
11 111111111111 11111 1 111111111111111111111111 1111111111, 111111 1111111
1111Ρ1111111 118111111111 111111111111111 1111111111, 11111111111111
1111Κ1111111 1111111111111111111 1111111111. 11111111 1111 111111
111111111 11111 Ρ1111111,1111111111111 111 11111111 11111111 11111111,
11111111 11111111, 1111111 1111111111, 1111111 1111111111 Ρ1111111111
1111111111111111111111111111 1111111 11111 11111 1111111. 1111 1111111
1111111111111, 1 11111111 1111111111, 1111111111 1111111 1111111, 111111
1111111111111111111111111111111111111111. Po 11111111111 1111111 111
111111, 1111111111 111 1 Β1111111 ,1 Ρ1111111, 1 1111 111111 1111
Κ11111111111111111111Β1111111,111111111111,Ρ111111111111,
111111 1111111 1111 jego, 11111111 Ρ11111, 1111111111 111111111, 1111111111
1111111 1111111111111111111111111,1111111111111Β1111111. 11111
111111111111111111111111111111111 11111111 1111111111, 111111111, 11
111111111 1111111111111 111 111111111111 111111 Ρ111111. (111 11111 11-
11111111111111 1111111111, 1111111111111, 1111 111111 11111111 1111111-

111111, 11 11111 11111111 1111111111. 1111111 Ρ11111111111111111, 11111111 ¹

11 11111 1111111111 1111111 Ζ 11111111 1111111 111111 111111, 11111111

11111111111111 1111111 111111111111 1111111 111111, 11 11111111 111111- ¹

wita, oddalonego 11 11111, 11111111 111 1111111 1111111111 111111 1111111-
11111, 111111111111111111111 1111111 11111111. 111 11111111111111111,

11111 1111111111111 1111 Β1111111111, 11111111 11111 1 1111111 po- 1

1111111 111111, 1111111 111 111111111111111. Β111 11, jak 111111111111111
111111, 111111111111111111111111Β11111111111111111, 11111111 111 1111111
111 1111111111, 11 S. 81111111111, 11111111 11111 111111 Β11111111,
1 11111111111111111111111, 111111111111111 11111 11111111 1111111111 111-
11111111111 1 Kujawskiego, 111111 1111111111 Κ11111111. 11111111
1111111111111 111111111. 111 1111111 11111 1111111 S. 8111111111
111111111111 1111111111 111 111 1111111111111 11111 11111 11111 111111
1111111111, 1111111111 Β111, 11111 1111111111 11111111111111111 1111111111
1 1111111111 11111111 1111111 Ρ111111111, 11 jego 111 1111111111

1111111111 1111111 1111111111 1111 11111111 11 Κ1111111111, 1111 ÷
11111111111, 111111 111111111 1111111111, 111111 Ρ111111 111111 111 ,

1111111 inni 11111111 1111111111 1 111111111, 111 1 1111111 111111 11111111

 

