24⁴2 1111111111 1111111111. 1. 1451.

1111111111111. 11111111111111 11111 11111 111111, 11111111 J 1111 1
1111111111 11111 11111 1 1111111111 1111111 sie 111111 0111111. 11111 ’

11111111111111111111111,11111111111Ρο111111111111111111-
11111111111), 1111111111111111111 1111111111 111111 111 111111
11111111, 1111111111111111111, 1111111 1111111 11111 1111111111 1 111
11111, 111 1111111111 1111111 1 111111111111111111111111 po»
1111111.

lja, 1111111111111 1111111111 111111111811111, 11111 1111111111 namen
1111111 1111111111,11111111 11111111, 11 1111111111 1 ousion,
1111111 1111111111 111111.

Ζ 11111111111111111111 1111 Κ11111111, 111111111111111031 3

1181111111111, 11111 1111111111 1111 11111111 11111 1111111111, ¹

[1111111 111111111Νο1111 111111 111111111111111111111111.111- 1

111 111111 11111 11111111 1111 Krakowskioj i Ruskiej, 11 11111 1
11111111 11111 1111111 11 Wielkopolan Jan biskup Wloclawski

11111111111111111,811111111 101111111111111111 1111111011 ³

1111111111, 1111111111. 1111111111 111111111111111111111111 x

1111111111 1111101111111111 111111 11111111, 1111111111 11111 11111111 11111
111 1111 11111 1 1111 1111111111, 1 1111111111,111111111111111, 1111111111

’ mu 1111111111 1111111111 111111 1111111111· 1 11111111111111111111111

Do 1111111111 111111 11111 nie 111111 1111111 1 1111111111 11111111
111111 111 1111 111 1111111111111111 11111111 1111111111 1111111111 do
111111, jak 11111111 111111, 1111111111 11 111111 111111 1111 1111-
111111111. 111111 11111111] 111111111111111 1111111111 1 11111111, 1111

1111111111 11 1111 1111111111 1111111 po 1111111111, 111 1111111111 11111

1111111111 1111111, 111111 1111111111 1111111111 111111, 1111111111131 ³
1 111111111111111 11111111 11111111 1111111111, 1111111111111
11111111 11111111 1 111111 11111111 1111111111 11111111 11111111 1111111
1111111111. 'Pe 11111111 111111111111111111, 1111111111 11111 111111111-
111111111111111111111111.·1111111 1 (1111111 1111111111 Κ11111-
111111, 1111111111, 11111 11111111111111111111111111111, 1 111111 1111
111111 11111, 11111111 11 jego 11111111111111111 111111111
1111111111,111111111111 11111, 1111111111 1111111111 mog} 11111
1111111.

 

