001466.. 0000000000 0000000010000. 441

,100010000100000 0101100 000110 00010 00101 0 1100010010, 011011000010-
,010 0010000 0000000010 010 0000110, 000-10 0000 0001011 0001000, 000 0000-
,101110100101110000 0 00010. 1001 10001000 10101010 0000010 000010101-
,000010 10 010 00101 010 im od 0101100 1000101011θο 10101 100000 10001010 j
„i 000010101001 0010010010100000100, 101100 001 0000000100 1000000 000·-
,100010101 000000 000 00000000010, 0110011000 10011 1100101000 1 0000 0000
,010; 1010010 000101 0 gronam 1001000110, jak 10000000 100100101οο-
,0000100010 00010000 010 00 10, 10 01100000 0100001000001010000 1000110-
„go 010 01010 00000, jak Kazimiorzowi 1011001 1010110000, albo
„Jodnemu 0 jego 00010, 1 10100 000010000 Βο100 00000010100010101 zgu-
,1001000001οο 00110011, 1 010000001000000 0100111 00010. 110101010000000
,0011010000101000 101010 000101 01010100 000 0000000 000010000, 1010-
,010100 0000110 0001111; 00 001 0000 (001011) 00000 00 0001010010 001000
,8010010 1 10000001.“ Κο01 Κο01001000 00001010000 010 101110 0 0001001
0000, 010001010101 1000100110001010101000οε ,10 0000 0000101οο 01010110
,0 0011010001οο 100100 0010010, 1 001001, 001 jego 00100, 0001001 ju& 0000-
,00001Ρο0011001,000000000 0010 0000001100· 00010111 010 0 ’1000010
,110 0000000000· 0 nim 000000, 0010 000011 1010 00010 0101001010 00 010000000
,0101 0010000 00100010. 1000100 000011 legata, 0100 00 00001 Ρ1010100011,
,00000000 101 01010000 010010 01001000 11000, 00011100 0010001010 001010
,0000000 110010 00010 1000000010, 0001011010 00001001 000001, 001010, 00111
,1100000011 01000000 00 000 0000101οο 0100010111ι

1000001000 00010100, 01010000001011100000000101, 0000000 1101000100 0010010
10ίο10010 1100011000, 11100 00 0000100010 10101000 000101001100011000 001001-
nint 011000.

[110 0100 0010010 Βο10 00 00011010 1000101100 0000011010 000000
0010101000, 010 1 0000000 00010101 0000000111000101 00010101011001101010
S. 1000 01000101010, gdy 00000010 1101011 legat 1000101011 0100010110
1100010010, 0 0010100 10010110 0 0010 1001000 00010 00000110 Ρο00
0 000001000; Κο01001000 10οό1 Ρο1011, 00 1110001 1010 1001100000
1000000 Ρο1101000110000001000000 0 ’1000010 10 11000000, 00000 110-
0101, 1110111101, 10110000100000 0100101, 01000100 010 00000000 00010-
100001110101010, 1010 1000000 0010010000 1010100010 00001011010010010.
1000000000 010 0001000100 10010101001000 01010 00000, 0 01011 01010 00-
001110000 01011010 001000, 00100101 0000 01000, 00000 1111101010 01 10

1010100101001000 1010οἱ01000 81000010. Ρο1 10 00000 0000000 0010101101 ,

1001100000 jak i Κο0010000, 010 010000 0 00001100οἰ0 10110 000100011000000-

0.000.ωιο000000000000000 00

 

