161479. 66666666 666666666666. 646

1 1616 1111666616 61661166 6161616166166161616 (166161661161 1661666661 ,
666161. 8616611616 116666 661166, 6666616 16616616, 616666 16661611 1 61666
66166166; 666166616 6166 Ρ6111 66111 66116661 661161 6611666611.

nou minu lm.

1161666111 1661616 16116 1111661616, prm 1666161616 61661661, 1661 11611-
661661161666116661616616 616616 w 1116616166, 6 61611 66611 16111, uilt-
116611611611661 66616611116616166611666, 16 1666111616 616111.

161116 6666166616 1166611616 6661661666 1661 Ρ61611 6666616661
666116116161166611616116 Κ6616616; 66 1616661 666 po 6666611666-
1666, 16166116161666661616 81166616, 61166661 6 66611666 6666166661
Ρ16161666611, 6616616161661 6616161166166611 81166616, 16 1661611661
’1666616 116611, 1 16666 61661166· 111666166 1 Ρ66616666 6166616166
166161116Ρ16161666. Tu 61611161 1ο pose} 6661616 16616 11111166-
611616166661666666661166611, 1661616616166661 ,6616666666661
,6616166 066166666616 N. 66611 61661 6 0166666166 66661116616116116
„do 161611611616 6616.“ 66666161 6611616 166616 6661616666, ,661 66
,166 61661 1661611666616616, 6161116 6111 116 616161 116Ρ61611, 1616161
,16166 1616 6161161666 16616 1166611616, 6616661616 mu 16661661,
,11616161666 Prus 66161616616. 11666161616666666616,166116116 61161666
,1 166 16161 616 6111 mu 1616166, 661 1666 661161 11666616 66616 66666-
,6611 6166666666 666 11161 6661666616 66661 6 Ρ6666611 1 6666166 6 166-
,166666.“ hubo 666616 6166161666161161616166166 6666166666 6166666616
1 6616111616, 66 6611116 161661 66 1166616166 1 616166 1666666 6666611,
11666166166616116166611666616666161666618166161666661-
66611661666, 1666161661616 166166 1666661161, 1 16666 66616 61616666
166661666 (1666661666161616, 61166611 1661 6661661666 do 1116-
61616 166616 611166611616 6661611 166166, 1616 16, 1161616 1666-
6166611616 66666661161661661661616111616, Ρ6616166166611616
161616661616 166166166, 1 11166616 11611 1666666666 11661611616,
6 6666166166166, ,16 6116 66 1661161611616 616161666616, 1 616 61666616 611
,66616 61 616616, 16161161161161666661. 616166661Ρ6661616666 1666666666
,6611 6161, 6661616161 6111111 161161161; 6116161661 666 Γ1611166661
,16666 661111 66116616 6661616 1666 1666666661 6161616166.“ 1666666
666161 66611 16111, 16166161, 6661661661 616666 66116611661, 616661
6161666661666 66616661 Β66616666611616, 6 1666616 61666116 6666616-
66116111666 1 166666161616 166666 1 6166661, 611161 11661661 6111 1616661

 

