156 1111111111 111111111111. n. 1454.

,11111111111111116 111111161111 1111111 1111111, 1111111116 1111116111
, ,11111111 1111111 1111611111, 111111161611111, 111161111111111 1111, 111-
,1111111 1611 1111111161 1111111 116 111111. 16111 1111111111111 11111-
,11111111111111 1111111 111111 1111 1111111116111111 11111116 1 11111-
,11111111 11611 11111116 111111, 111 1111111 1161161111111111 1161111111·
,111116 1111111 111111 111 11616111111111111, 1111111111 11 111 1111111
,11111111111111 1111, 11111116 11 11111111111611111 1 11111111 116111-
,1111 11611, 1111111611 1111 Β1111611, 1111111111 11 111 11111111 1 1111-
,111 1111111111111 1111161 116111111111, 1 1111111 111111111111 11111
,111 1111116111, 11111, 111 1111111 11 1111, 111111, 111111 11111111111 1111-
,116111 1116111161 · 1111111 111161111111116111111111, 11111111111111
,11111161111, 11111111 1 1111111 1111111, 1111111111 11 111111111111116,
,16 1111111 1 11111111 111111 11111111111111 1111111 111 11111111 11111111
,11 11611, 111111 11111 1111111111 1111161111 1 1111111 1111111, 11111 111111-
,1116161 111111 1 1111111, 11111111, 11111111 111 11111111, 1111111 111-
,11111116 1161111111 111 1111 1111111111, 1116111111 1 161111 11161 111111
· ,11116111 1111111111. 1111111116 1111111116 ,11 1111161, 111111, 11111111,
,8111111 11111111, saxonii, 1111111111111, 1111111161 11116,
,1111111116111111 1111, 1 1111111111111 nie 111111111 111111111111 11-
,1111111 111111111111 11 111111 1111111111 1 111111 namuh?

„W 11111 Ρ111116, Amen. 1111161111 111111 1111111111. Ν11111111111111-
,1111111111 111111111611111111111 1111 Β11116 111111111116111111111
,1111111111 161111111 1 11111111 111111111111161111111 1111111111111-
,1111111 1 111611111111111 1111 1 111111 11111 11111161111111, 111 sa·
,1116111111111111111111 111116 1111111111 1111116 111 11 111111, 111
,111611111111111111111111111116111111111111 11 11111111, 1111 11 111-
,1111111161 11111111111111611 1111116111161 1111, 1 11111 Β11111111111-
,11 111 111611 111 soba„ 1111161111 111 111111111111 1111111611111111.
,Β11161111111111611111 111 111161111111111 11111 1 111611116111, 1111
,111161 11 11111111 1111111111, 111 1111111 1111111111 11611111111111111
,11111111 1111116111, 1111111111111111111111111111 11111111, dumne, 111·
,1111111 11111116 11111111 11111, 11111 1111111111 116111 1111111111 1111
,1111 11111111116111111. 1111611 1111111111, 1111116, 1116116, 11111111,
,111111611 1111111 11111 Ρ11111111, (111111111161, Pomorskiej
,1 11111111111111, 111 11161116111111 1 1111111611 111111, 1111111116-
,111 1111111111 111161, 1111111111 1111611111111111111111ε 11111 1 111-
,11111111111111111111111 11111111111 1111, 11611161 1111 sami, mnogie
,1111111116 11111111111111111 Pruskiego 1111111111 1111111 1 1116-
,1111 111 11111111 111111 116 1 111111111611111111611111111111 111111

 

