01471. 1111111101 000111010111. 531

111110 Polskiego Κο111110110, 01101 101110 1 810100 biskupa
11100101011000, 11110111001100101100101101110 Ρο001 01011111-
011110101111010101011, biskupi‚ 1011011100Κ10101011000100-
11100010100101. 1101011 101011001010, 10111 Ρ111010, 10100000 01010 0110
1000110. Ρο0101111 1 101 Ρ110100111111 w dyocezyi PrzemyskieJ.

Ojoa 01101 J 000, 100110 Anne. 11010011 na 0101100 majac 101 111010 01011-
11100101.

1100 1010001110 10110110 z 1101111011 1101110 11110100 ludu, 0101111010101 '
001011 11011011 1010111110] nio 010010 0110011010.

Βο010 0111010 1110011000 1101011010, 110101 01011 110011,
0011110100 110110110100100111, 1 0101110010 1001000101 10110 1101000010
11000011100101Βο0011 01101 Κ10100 01011 Liburnia do Karnioli,
0011010010 1110 11001000, 110110111100 1101110 00010, 1010010111 1 0011011
kraj 0000100101, 0001110 110111010ἰο 1001000 11111 101101101110110110100110
10100011111100010; 11010101 1011011 000011 Rzymski 11101010 10-
stryi 110 1001011 100100001100011011. 1110101001 11001, 101010001110010
1111010 011101010101101 po 010101 10101001 1 1111001001, 10 0010011000, 11110
1010110101 10 Karnioli, 011011 1 1110010010 1001000101 110101, 101
1011111010 0101100 Κο111011 1001111010 00010 100000, 110010 110-
11101οἰ0 1010001101 011101010101101 1001101110 w 110101010000101. Α gdy
0101011011101, 10 Fryderyk 000011 Rzymski 1 0101101οι11 1 1010101011
11101110111111 01010010100111 11010010010, 1001000110 0001101110ιηί
1001000, 1 0110101010 1100100001010 0000110, 010010110000001101101001101
1010111011, 1 0101100011 1001000111 10110 11010110001111 szybkim pochodem
0011Κο00000, 1 1101011111 0010100001 8110111001 01101 1001010101 010100
010001 1 11οι1 1 00111111111000. Βο110 bez 1001010110 1010011 1010001011
00000001 1010010, gdyby 001001011011010001010101, 1111001 101000011101010
1 110111, nie 10101101 1010 0 1101110111 010 11001101001010. Na drugi 11101,
1011110110010 00010 001010, 0101100110 100101 0111010110, 11110 Κο111010
01 st yr yi 0101011010, 00 010 1011100100 010010101ηο 101 8000 0110
(10111, 1101 101010111111101010 1110111οέ01 100100011111; 11100 01101
800010111110111 111001001101110111081010101010110101,101010
101010110100100110 1 1100111. 110100100010181010110 margrabstwo 810101-
0110, 0 w 00010111 1110100010 101100 1 11010 (1) (001000) 011011οι1
1100101111 (11011010) 011001111100010100101.

 

