1. 1460. mmai 11111111111111.

111111111111111111 1111111111 im 1111 11111 11111111, 11111111 111·
11111111 11111111 11111111111111111111 1 111 11111111 1111111111.

-11 1111111111 11111 11111111, 1111 1111111111 11111111 11 111111111-
111111111111Β1111111111111111111,11111111111111111111111-
11111 1111111 11111111 1 1111111111. W 11111 tego* 11111 1111111111
1111111111111111111111111 111111 1111111111, 1111111111 do 1111111111
111111111111 111111 1 1111 1111111111 1111111. 11111111111111, 11
hyla-to 11111111111111111111111(1111111111 1 11111111, 11111111111111
11111111111111111. Ζ Β111111111111111111111 111111 111111 SS. 11-
111111111111111111118111111111111. 111111111111111111111111
1111111111 111 1111 1 (11111111 1111111111 11111 1 11111111· 11111111 do
11111 1 111111111111111111111111111 8111111111, 1111111111111, ,11 11-
,1111 1111 (111111 1111111 1111 1111111 1111111111 1 111111111111111-
,1111111111 111111, 1 11111111 11111111 1111111111 111111 11111111111111
,1 (1111111111,“ 1111 jak 11111 11111111 111111, 1111111111 ich 1111111111
11111111 111111, 11 tego 111111 1111111111 111 11111111 111111111111111
11111111111111111· 11111111. 1111111111 krol 1111111111, 1111111111·
111 111111111111111 11111111, 1111111111 1111111111111111111111111
111111111111111 111111 01111111. 111111 1111111 1111111111 1111111, 11111-
11111 11111111 1 Bogu, 11111 im 11111 1111 (1111111111 1111111111, 11111
1111111 1111111 111111111111111 1111111, gdy 0 1111111 11111111 11·
111111 111111111111111111 1111111 111111 11111111. 1111111111 1111111111-
1111 11111111 Τ1111111111Η11111111111 (11111111) 18111111
111111111111111111, ,1111 1111111 111111111111 11111111 1 111-
,111111 111 11111, gdyby 1 (1111111111 do 11111 11111111.“ 1111111111 111
1111111111 111111111111111111111 1111111111, 11 11111 1111111111 1111111
1111111, 11 11111111111111111111 1 1111111 111111111111, 1 11111111
8111111111 ,1 111111111111 11111 1111111111 1 1111111111 0111111,
11111111111111111111111111111 111 111111, 11111 11111111111 1 (1111111111.
11111111 111 11111111 1 1111111111έοί, 1 1111111111111111111· (11111111111111111,
1111111111ἰί 1111111111 111111 11111111 1111111 j 11111111 111111 111111,
111 111111 w 1111111111 1111 1 111111, 1111111111111111 111111 [111-
11, 11 11111111111111111111111, 1111111111 1111111111 1 1111 1111111,
11111, 111 1111111111111111111, 1 1111111111 11111111 111111 1111111, 1111
1111111111] 11111111 111111111111.

 

