11. 1451. 1161111161 116111616111. 81

,6116161 16161161661; 1116116 61 11611611 1116111161161116161116161 161116, 111111
,1 (1166111111 116111 16111111, 1611 (161161611611111661616 1161116111. Do-
,161116616111161611616111 16616111 161 16111111 11116116, 6161116 1161111661,
· ,1616161161111111 1 11111111. «161166166611161166 doda& 1611166, 6166166616
111616611116611611611. 01166161 16111611 1Β6611616 (11161661 16161116116,
,116 1616111161 11611161 1111116 16116. 16611 1111 11611111, (1161111666111661
.,,11ο 1161116 1661116111611; 16 1161111 1111611116 1111111, 616 1116161 1161661611
,616111 1111161661 116611 Ι6116611611 11161111166111116116, 6116111611 616, 6111
,1116111 w 61161611 1116116611 01661 116 6161611611 616 od 6161116 1 1116111 1111-
,116116111 116 1616111111 16116111; 1111 111666, 11116 11616111 11116 161161
,1611161616 116 1661611 6161611161 6111111. Ζ66111111161611116111 1116161616
,1111111111 16111161161611 Pana naszego 161166 0111161166 16116- =
,6111111161661611666 66111, 16111616 1 1616166116 111116 1116116116, 111111
,116 (1616161611 61616111116 111 11611666 Β616 1611166111 01661111, albo,
,11111111 1166111611,.16161161111616 111116 1616111111, 16611161161111611 po-
,11111 116 11116611, 11111111 6661111616 116 1111166116 Polskiego i 1161611116-
,66111 Κ1611611611161. Ζ1611111661111111661116 1616161611 11161161 1616-
,1161116 111616 611 61661111116616111611 11116161 116 1161616 616 111111 116661·
,611611 6 111116 1111111616 1161616116161166166661111616 161666 11161116.
,161611 1161161, 1616161611161 61116116 11161661 1161161161 616 Β611, 1611161
ᾖ1111161116 116 1616161611111611611 1161161161, 1111 1661111616 1111111116 16616-
,6116661 11161 11111611 16 11616116 6161116616 1 1111166666 616 ludu, 16 1116·
,1116116 11161, 1 1616 1116111 11616, 11116 116 do 6161116 11161 111111161616
,1111111116 brata. 1111161161 61611616 116 1611611116616161611111, 16161161
,66166 11611116 1 61161116, 111661661 1611111616, 16616161161 1661616 61111, 116
1,11111166 Ρ61616, 6161111111 1 16161611 1116161111 1611161616, 11111161 1 116
,11161611616111111161611611 61166111 1666661161. Ν16 1611161 616 1116616 od 161
1111661, (1611616116161611 1116161 samo 1111116 616 1611616116, 6111 116
,1116611111 11116 616 1 Ρ616111 61116166 1111 1116116116, 1 jak 11611 1116111
ᾖ1161116111 1111611, 161 1 tam 11116 11616 1161611111 116161 11661161 11166161
,11616111οέ61 1111661161 11116161 116161 116 6111161111 od 1111111616 w 16616
,611611 brak 616111611616111616. Ν16 6111661161] 11611611 11611161 1161111
,161611161611 11116161 1661161 161116111116111116 1161161661 mi 1116111 1161611
,6166 1 11161666 16611111. Ρ6166611 6161116111 1161111111, 6111116116 Ρ611661
,1166111616611611611116111111 11116111. 11611Κ11161116 11116 (11111616
1816111116, 11611 Ρ61611616 1116611666 611616616611661 116111166161616 116111-
„magos

 

