1⁹. G.

fabian 1666661661 16661. 1115163. 483. 066661 arcyb. Koloe. 545. 553.

1166166 61661 16661. 11611666. 450. 0661661 1161. 8161161666565,

fabian 166. 711661. 653. 0616661 6161. 41661. 545. 553. 582.

fabian Mglow woJew. 0361. 655. 0666γ61 6 106666γ 1661. 6161. Jagier. 456. 501.
Fantyn leg. pap. 442. 635. 646.

Fantyn 1 116966γ pose} 06. 325. 327. 0666γ6186γ6666 wojew. (1116161111.142.150.151.
Felix V. obr. pap. 32. 41. 57. ¹ 150162164177. 317. 367. 387 332. 393.
Ρ661γ6660 11. Neapol. 612. 639. 645. 396. 405. 410. 424 450. 483.

,171116 16. Burgund. 91. 168. 364. 06166666· obyw. m. Kaffy 350.

Fmp 1611116666 617. 0616611 (0616611666)1611160161616.

fnip 616666116166 0361. 317. 621. 06016611 m. 537.

171116 Pop 11611611497. 0666 66. 1716316166.

Florontozyey 118. 639. 645. 650. 0061161661.146.150.155. 160. 166. 192. 197. 213.

5666616661 16. Medyol. 111. 112. 118. 219. 220. 227. 229. 230. 249. 263. 287. 303. “

5666616661 6161. 11661. 112. 948. 352. 966. 393. 481. 516. 649.
1566616661 6161. 1766616. 166. 066666666616 219. 220. 226. 227. 229. 237-239.
5666616661( 6 Τ61636 278. 283. 257. 280. 287. 289. 309. 352 353. 381. 465.
1666616661( 6 86666γ ob. syxtus 1’. 469. 481 611.
8666166616666511665. 638. · · 06166 ob. J 6166
176666166616616 Pacis 638. Oenewa (06666666) 16. 32. 57
Franciszek Η6γ6 522. 066661166γ6γ 133.
Ρ6666166166616202. (166663 Μ611696666 (Μ611696666) 166666. 1611661.
1766611661 6601166661 111· 168- 367. 392. 393. 409. 424. 427. 428. 439. 483.
Ὲ666161661663 0316 m. 287· 066660 v. Η6166611 mnich zak. Krzyl. 372.
Frankstein m. 454. 479. 01611 1616161 Β1663. 504.
5666666666 111. 403. 537. 011γ6161 ob. 11 ycki.
fricdiand m. 193. 303. 331. 339. 346. 362. 397. miniany m, 386, 574,

411413, ' 66666 1666116616.
Friuli 543. 628. 0116616661. 590.
Γνγοι 01165. 229. 309. 0166661 m. 283. 310. 317. 322. 323. 619.
Ὲ6γ666161. Gniew. 237. 272. Gnlow m. i 6661. 146. 177. 193. 197. 237. 239.
Fryez Rawnocke 331. 332. 272. 352. 353. 360-362. 391. 392. 394. 423.
Fryderyk syn. Kazim. Jagiell. 473. 0616611ιὸ6 m. 249. 252.
11γά6161(1661363166165716. 17. 10. 161. 162. (1616666668, 105, 191, 383,

· 170. 193. 195. 196. 205. 264. 287· 310. 323· 0616161666116 arcybiskupstwo 432.

344. 369. 421. 482. 491. 503. 585. 643. 0666166666 herb 661. 356.
Fvydoryk 666. Rzym. 4. 27. 28. 63. 111. 114. 115. 0616666616. 564.

128146161. 168. 207. 222. 245. 260. 269. 06169616 m. 574.

279296. 325. 338. 340. 397. 398. 408. 439. 06166 m. izam. 146. 231. 288. 334. 345.

442. 471. 475. 476. 488. 505. 507. 512. 531. 0661661616. 1666161127. 274.

, 539. 541. 543 547. 549. 556. 557. 558. 573. 0666 m. 584. 619.

596. 599. 602. 612. 613. 614. 617. 624. 625. 066166 66. 161666.

627. 0666161 ob. Obulec.
Frydoryk 16. Bawar. 264. 066616166176161661. .
Fvydoryk ks. 86611264. 05η (0661616) m. 531. 543.
Frydoryk 16. Η6116661616 584. 06616616 m. 16616. 320. 340544. 603.
rryderyk bisk. 16666. 503. 0661666166 6161616 389. 403.
Frydoryk Μ66661166666 584. 061663 6 Rybny 16661. 8661166666. 319. 362. 377.
Frydoryk W011huu 6 Η61666 515. 0616661 16156166666, ryc. pol. 395. 396.
Frydman 1666660165. 229. 061661 1166116611 416.
Ἑ6γ6160,1’1]66161 m. 564. 06666666 herb szl. 332. 390.
Fryul 66861611. 06666616 06661508.

,1066166636 6661. 589. 066666 m. 38.

 

