24 1111111111. 11. 1446.

111111 11111110. 1110110110 111611 11161111111 101111116111,1010111116,1611111
11111111 1111111111 1111101101 1 11111111 11111 1111111 1111101111116 110-
111 11011 10 Ρ11110111, 1 1111111 11010111111111111611111011111111111611011.
Ζ 161 1111101111 1016111111110 111161116116111111111111101 1116111111 111111
20111 111 111111111106111111111 11011111161161 111111 111 10 Β1111111
11111111610, 116111 1111111111 1111111111 1111116111, 111111111111
1110116111, 1111111 1111011111, 1111 11111111111111110111110 10116 011110-
111111, 116 1011111111 11 1111111111 1101111 11111161 10116 11111. 1111111111
1161111110111101116111 11101111 116111611111 1 11611101101111, 1111101 111111
111 11001111. Ρ110111111111011111 11111111 10111111 10 1111111111 Κ1111116111,
1111011111 111110116111 011111111111 11161 Ρ101111 Κ1110111 1111111111

8116111610 111 0111111111 1111111 10 Ρ11110111, 11110 111111 11111 ἦ

111111, 1110 1111610111 11110611, 11111111 1111111 11 1011111111. 811110 11011
111111111111111 11011161111111· 1111111101 116111110 Β1161011, 01111111-
1111,161111011011 1111011111 1111111 1110161, 11110161 Ζο1 11 1 1111111111
11111111 1101011111, 11111111 1110 11161116 1 111 1111111111 111 111111111111111-

111111 1111111 Ρ1161101 10 1010111110 1111111111 1111111111 11111111 111, 3
111 111161 Ρ10111 Κ1101111610 0111111111 11111 1111111116 10 1111111111 3

1111111, 11101111110111111111 10 Ρ11110111. 1116111111· 11111, 161611 1110
1111 10111611, 1111111111 10 Β1161111, 1 1011111111 1 nim 111111601 01-

. 1111111111110 1111161111 1111111 1111166111. 1111111161 1111111111 1111110

11111 111 10 Β1161011, 1 110101111ιί 1111111111 1101010111011111611161111- 1
11011 Κ111111611110 1111111111 101111. 1111111 111 116 1010111111111 ³
rada, 1111111111 10111611 1111611110111, 111111 111611161110111111111111111,
1 0111111111 111, 111111 1611111111 1 Β116111111 116 1111111111110, 061111-
1111011 116001111111111 1111111111. 1116111 0111110110, 1111 111111 1 11111-
1011111111111111011 1111 161111611111111110111111 1611111111 Κ1111111-
110111 10 0111111 111111, 1 111611 110110 1101110, 1111110111 1οΒ1111111,
i 1111101111 1111111 111011 1111110111, 111111 1116 J 11 1 11111111101611011
1111011111, 111111 11611 ,1161011161161111 111111111111111Ρ11111,
,111111 1111111111 1011111 111 1101 1011110111 111111, 1110111111111
,1111111111 1 111111111011111111111 11111 11 116161111116111110.“ Te 6101111111
1011111111116110111 1111101111 1111111 1111111110 Β1161611. 1111611110
110611101111110111111111101111610, 11111111 11611111 Ρ11111-
6111111, 1111 1 (11110111 1111111111 Κ1111011111110, 1111111
1 1111111 Ρο11111111110, 1111 1 01611111 811101111111110,
Ρ10111 1 811011 1101111110, 1101610111, 1111 111011611011
11110111111111161111Ρο1611610, 1 Ρ10111 16 8161610111 1101111111-
11610 1101011110, 10 Β1111011. Inui, 11110 10 1111161111 1111116111
111111161111, 111111111111111111Κ11110111111,1111111111111111

 

