9999999999 9 999999999 9999999999 999999 99 999 9999999999999
-99 9999999) 99999 999999999999 9999999 ,99999 9999999999 9 999 9999“
99999 999999 999999 (9999999 9 999999 999999999 99999 ι99999999 99999Κ
99999999999999 9 (99999 9999999 999999 ι999999 9999999 9999999999 (9999·
9999999999 9 99999 99 ι9999999 9 (9999999999 9999999999 9 99999
’9999 9999 99999 9 ι9999999 9999999 99999999 999999 9 999999999 93999999
-99 9 ι(199999 9999 9 99999999 9 999999 999 9999999999 9999999999 9999
-999 999 ι999999 999 99999999 99999 99(ι 9999999 (9999999 9 9999999 99
. -999 9999999999 99999 9999 [99999999 9999999999 (99999 99 999999999
99999999 999 9999999999 939999999999 9999999999 99999999 9
9999999 9399999999999 99999999 9999999 9 9999 93999 99 9999
-99 99999999 ι9999999999 99999999999 99 9999999 9 9999999 Ι999999 999 999
ι9999999999 9999 9999999999 9999 9999999999 ,9999999 9 999999 999“
9999999 9999999999991 999999 999 9 9999 (93999999 999 9999999999999 999“
99999 99 (99999999 9999999999 9999999999 9999 9 939999999999 9999999 999“
99 9 (999999 999999 99 999999999 9999999 99 9999999999) 99999999 999“
-999 999 999 (9999999999 9999999999 9999999 999 999 999“ (99999 99999999
999 9999999999 9999 ι99999 9399999999 999999οὲ 999999 9999999999 999999
99999999999 999 99999999999 9999 9999999999 9999999991 9999999 9399999999
99999 99 9999999999 999 99 ζ99999999 “999999999999 99999 99999 9999
ι999999) 9999999 9 99999999 99 99999 93999 99 9999999 99999999 99999991
‘mmm 9990999 9 999 9999999999 9999 vo 99 {mpod 9999
-999 9999 9999999999 9999999999 999 99999999 9999 999 ,,·99999999(Ι 9999 99“
-999 9 9999999999 9999999999 999999999 999 (9399999999999 99999999 99 993999(
-9999999 999999 99 9999999 9999999999 999 999 ’99999 9999999 ἑ999999 999
999 99999 99999999 999999 999999 999 (9999999 9999999999 99999 99999999
-999 9999999 99999 9 ί[9999999919 9 [99999399 9999999999 9999999 ι999999 999

, 99 99999 9999999 99999991 9999919 999 9 99 9999999999 99999 999999

-od 9999999999 ,,·9 99999 99999999 9 99999999 999 ι99999999 999 9999999 999“
99999999 9 9399999999999 999999 999999 9999 99999 99 4999999 ,9999999
9999 999 (999999 99999999 99999 9999999 99999999999 99 9999999 999999
99 99 ι9999999999 (9999999991 999 9999 9999 999 99999999 999 9999999999
999999 999 99 99999 999999 9 999999 999 99 (99999999999 999999 9 02⁴
-99999999999999 99999 99399 9999999999 9999 99“ (9999999999 999999 999
-9999999 9 99999 99 9999999 99999 9 999999 99991 999999 99999999 9999993
999 999 99 (99999999 ι99999999 9 999999 99999 99 99999999 999 99999 “9999
9999999999 9999999999 9 99999 999999999 9999 9 9999999 9999999999 99999999
-9999999999999999999 ι999999999999 99999999) 9999999999 9 9999999999
-99 9999999 9 99 ι999999999 999999 999999 999 99999999 9 9 9999999999 99999
9999999 9999999 999 99999 ι99999999999 M 9999999 999 99 os 99999 9999

999 999999999999 9999999999 ‘WH 9

 

