250 111101001 1101011016111. 0. 1458,

mili, 0101110 0101116 1111 116011 0 1100001, 0010010110 1 1101010110 110
010111611616016001610111160100, 0 10 1010101110 0011011101 00101 1010001000
111611 S. 111110 1 0100100110 1111160110. 11110111011101611161010110
0161111100101010, 111111 1 1110101116, 1011610611111110110011
001111601001010116 1101101011, 1001010010110 011011 10101100110161110-
0101 1001610 111160100111010110 0116101101, 061101 1011101011111611110
00100100610 111161 1111010101 11110111 11101010110111160100 1010110-
go, 1011161 1111010101161111111οΚ10100011610 1 10110 8111011-
00010160111011610, 010100110. Do 111110100001010101111001, 0111 11-
0610100 101 00111010161 sie 11161010, 01010110 10110 1 01110001011010110
110100011010101101000. 110100160111100100610611011011οΡ1011-
10010 11111111 1 11111161 1011 10110, 0011010001110010610016, 01110-
giej i 0161611161 100016 06110001 00101011 11110 1 1010 1011, ,0111 1111601011
„Wegierskiego² 1111011110001001, 11110061 1111111011, 10 ningo 1111-
,101010 nie 10100101100101001 Ηο0101001, 101610 0110061110 11110111,
,1111100001 1 11161101, 01610111 1 1101110101 1 01610110 001116 0010116111 jak
,0011111161 011001111011111161, 0 0 11111111 010010 mog} 16 1100101111
,0 1016110101.“ 011601001, 1611 00100 11011106 1 111101110011, 11110 01611111
,00110101 1101101000 11110 WJgierskiogo, 101 1101111161 1111001
,Κο11101611001, 1610 100101 0111011; 16 01610 1101110 1111161011011
,1111611110 1116100611 001610 0110110, 1 1016010 1111116011 01610 10101111,
,1111601000 1011 1610 1001610101 101111 1116110 0 00101 1110, 011116
,010110011011101111 0110010111 1111ςί610110ῐηί 10110110 sie 1111001 Ka·
,1101611001 1 11010111 1 100106161010611, 10111110 10 Wegier 11111111-
,1110κ 1101011000“ 011 11010 0 11111 1110101010,1010016011161011101000
’116111011610 1011110110 0111001011
,11116110100161101111 10110,1011111011010016010101010016,16110
,0011111 01016101οἰ1 1 1101100110, 1010 1001101 01011001611101000010110111,
,10110101610161110 11101101000011111001 111116101161110, 1100 001116-
,101160161 10110. Mile i 101110016, 11116101 000 10 01111010 1111601011 111-
* „gierskiego 101 10111010 0061110001. 2016 11011106 01101 1010110161 110-
,0161 0001100161 10011111110111110101. 10101016111111011010110, 11110
„WJgierskiego i OzoskiegO, 1 00101 1010000610 1011111610 11001110·
,000100 01611110 1111011110 1100 0110111610 1 10101610, 6101011, 16100110 nam
,01000110 101611, 16101 01611 1100016011011160161 0 0011111 011161610101010
,110011 1110110111 100101 11101111. Ν110110011061 016001001001011010 161
,1116110 10110110110011011, 1111111101, 1011100001 00161 0100111011

,10101110101611160111100101111, 0 011 101 1116111016 01110111 1610 6010101
,11611110016110100 111101 01011 1111000010 ’0 1110111661, 0611001610016·
,1010116 100111 111000, 11116 010 1101001010 nam 1111101111. 1110111111 11111101-

 

