488 1011111111 1101111010111. 11. 1169.

111111 0100 01110111. Νο 101111111011101 011 11101111101111 1011111011 1110-
1111100101, 110011111οἰ0 101 01011101 010 1110110110, 111110 110 1101111101
1111001111 1101111101] 001010111 111101011011, 1110101111 11111111, 1011111110.
1111 10111011 Κο111110110 111110 Ρο11111010 110 01110111 1 01101110 111010·
11110101, 110111 11011 1110110101 1 10110010101111101011 1100101101 1100111
111101011011 1110111 1 81111110, 10101111010110101111101011, 10 1111111110
0001111010 (10 Κο111110110 111110 Ρο10111010, 11111-10 do 1111110101
110111 do Κο101111 1111 1111111110, 11110111 110110 1111011000111 11111111
11110110101111011, i 1111010 1110011011 110111 11110111. Ρ11111111 101110 11011101
0101 10010110 11011010 011010 Το1010111010 1101111101010, 1111111 1010-
001οο 11111011 01010 1010, 11110110001111111110011111 11100111 1010101111 110
1111110101011. 8111010 11011011 1110111, 11101110110011011111011111110101
10 11111111 011101010 011οΗ0111101010, 1111101101 1111111101)οζ 1111-
1010 11111 po 0101 11110111 1010101110, 1001111111 10 0101101 1110101010 1111-
111101010, 101 1 111111101οἰ1 1111110111 go Κ1111, 110111 by} 11 1110111
101011, 1 0110111 101011011111 11101110 1010111101.

Po 011011110 1111101111 101111110111101100111110110111 111111, 1110111111
1010 1111110101, 1 11111011 11101011 11111 1111101111010, 101111101111111101111
11011110 111111, 111110 11111 1011110111.

1111101111 001111 1111110111, 11101011 1 10111 11111110 1110011001
1011110111, 11101 1111111 1 11010010, 111101011010010110 1 11101111,
01010 1111110101, 11111111 110 1111111111 1111111 110011110101 Νο101110111
Ρο11111010, 010111110 1111101, 111011 1101110 papie& Ρο1101ΙΙ 111111 110101οΙ1
S. Ρ10110111110101010101100111101101. 000011 1110111101 11111, 111111 by}
110111 00111111, 111 10 brat 1111011 w Wiedniu 01110101. Ρο 0101010111
111010101110 111111101011 110 1 1011101011 Ρο110111, 1011 1 nim 011111
111111001101011111101 10010110. Ρο11111 1111 1100111101 00101110, 1111110011
111011111011 01101 1100111,11111011100101011111, 011110 Ρο1110111 1101101011
110 111011, 1101101 1111010111 011101 1110110111 Exiit 0111011111 (11101011 1101111).
Βο11111011111 1111111110 11101 dni 1101101010, 1 0101101011 1 1101101011 111
11101111010111 1010111110 1110101 1101011, 111110 1111011 1111101110111001011,
1111111110,1011111111011011111011 1011101110110 110 0101110 1 11100111
01010 Μο11111110110 110110 11101110110 10 11110011 1101101011010
1010011010, 0111001111001110111011011 10110111101 1111010111, 0111 11011011
1011011010 1 Ρ1100111 110111110111101. Papio& 1011010101111001 0010 01110-

1111110111. (1111111 000011 01011011 11110111011111011110100111. A

1101010010 11101101110111010 1 11111011 1111011 1 1100111011101111011 1110011101

1

 

 

