440 6161166666 1661666616666. 61411.

miei 116 16 16116 [azinium 6166111, 611161166166 166616611611116
mogo z 61111 1661111, 6 muci! ι ningo 1666661616 11666116 16116 61-
66666116166.

1161611 biskup 16666111611, legat Apostolski, 116161611116 11
6661611 6 11661661666616 1611166] Polskim (1616161 w 6166616 616611161-
116 6 nia3 6166661161 6166616 1111661666 (1666161616, 116 11161611 1116616 616
66161661616 6611161616 6 611116666616 66161 Ρ6661161, 66 6616166111
u 16116 16616616616, w 6166616161 J 666 66611161666 Ν (161616161611616,
161116111661616116161 16616666Ρ66661611636,1161611616-
16161 «1616 6 11116166 6166666116 1661166166 Ρ616116ςο,1666111611
1611661616Ρ6616111611616, 11616116661161 1 1116661661, ,611 61661
,1616161 16161161161 w 1611661616 (1666161666 11616666161 116161 61116666
„i nieonemu 16666666116666666 Ρ611616616116666 z zgorszeniem 66
,1686161616 6166616161611636 16616111 6616116161, 661 1616666661, 1111161
»16616616 61666 666616116666 prawu i 6166666161 6661666616 w 661661616-
„prawego 166161616161616, 11161 1616616111 drogst 6666611161 1161616116, 666-
,6611616 61611616616 61161616 16661661, zgladziwszy 616 66166611166661616
,611616116161611 1161161616 16116 Wegierskiego i czeskiogo.
„Aby ku 16161 666111, 16 (16661 6 Ρ61616611 66 1616636 1666161611
„i 1161166, 1 16 1661166116 (1666116 nikomu innemu 116 66166616161,11116
. „Jemu, 16666616111616 16116161 11111611, 1611661 161166166161666166
»61616161 1661616166111616166161, 1616161616616 1611666116, 11161611 66116
„gosaeawionstwem Boskiem 111116666616616 tego 16616 61616661. 116116,
,16 w (1666116611 1661 61616 6661661116116616, 1666161 116111616116
11611116, 1661 1 161661 61616, 6 gdyby 1161616161116, 1666616 1616616 1166
’ ,616166186166661 16161616, 111661 magna, 6111611Κ66161666
,116116166111 1661166166 0666161616, 1 16161616161161666616, 16611661
„sie nim 1616 66161616161666 666666. 111 6166 1666161 66661666, 1 1611166166
,66666666 1616611 (116 616611 Β6161 1 6161166616 religii 16161161161, 616
,11666 przyozyny 616166616 66116 16666, 161616166111661616611 1166111
„z 6616 6161666616 1661616161616161 6166111616 1666166611 6661611ε 666
,16166611 66116 6661116 1616166 przed Bogiem i 16116 66616161661616
,16166161 11611111 go od 1116116616 tego 166161616616616616 1661611661
,1166111166 16 661616 Polskiego i innyoh panstw jego 1661616 1611611161,
,611 161 przynajmniej 66 6161166 0666161 syna swego 6616161666161116
,1161666 6116, gdyby mu 16 16611616] ’616 61161616, 1616166616 16116116
,116611616666 6116 166661616 po nich 1116616, 6 61666616 1661616166θὲ1
,11111 611611 111 1166166611 66 16161, Alexandra. Ρ666116161, 16 611-

 

