498 1111111111 111111111111111. 11. 1169.

11111111111111111111111111 11111111, 1111 11111111111 1111111, 11

111 1111111111 1111111111111111111111111111 1111111111111111111, 1 111·

” 111111111111111111. Ρ11111 1 111111 11111 1111111111 Ρ1111111111-

1111011111111111111111111111111 111111111111111111111111111111
1111111111 1111111 1111111111 111111111 11111111, 1 11111111111, 1111111·
11111111111111 111111 111111 11111111 8111111111, 1111111 01111, 1111-
111 1111 1111111 11111 11111111 1111111111 111111111 111111 111111,
81111111 111111 111111 1111111. 111111 11111 11111111, 11111 1111111-
1111111 111111111111111111, 1111111111 111111111111111 1111111111, 11111-
11111 1111 11111111, 1 1111111111 11111111111 1111111111. 1111111111 1111111
01111111, 1111111111 1 011111 1111111 1111 11111111111111 1 1111111111·
11111111, 1 11111111111111 111111111, 11111111 Η111·111, 11111111111
Podiebrada, 11111111 1111111111 1 11111111111111111111Η111111111,
11 11111111111 11111111 1111111111 11 1111111111, 111 11111111 1111111111,
1111111111111111111111111111111111 11 11111111 Γ111111111, 1 1111111
1111111111 11111111 1111111111. 1111111111 111 11 1111 1111111 11111 1111
11111111 1 11111111111111111111111111111111111Ρ111111111,11111
11 111111111 11111111 11111111 111 1111111111 1111111 01111111 1111111111
11111111. 11111111111111111111 1111111111 111 1111111111, 11111111111111-
111 11111111 11111 1111111 1 1111111111111 111111111111111 1 1111111111,
11111111 1111111 ,1111111111111 111111111111 1111111111 1 1111111111, 1111111
1111111 1 111111 0 1111111111 go 1111111 1 1111111111. 011111111111111111
111111 1 1111111111111 1 11111111111 01111, 1111111 1111111111 do ’111111-
11,1111111111Η11111111111111(Η1111111111111Β111), 1111111111
1111· 1111111 1111111, 11111111111111111111111 011111111 1111111 1111111 11111111
11111111 11 1111111111 Η111111111, 11111111111111111111111111111-
1111111111 1111111 11111 1 Η11111111111 11111111111111, 11 1111111111-
1111111 1 111 11111 111111, 11111111 111111111111 11 Η11111111111111, 1111
11111111111111111111, 1111111111111 8111111. 01111 1111111 111111111111
1 111111111111111111111111111111 1111111 Ρ11111 (Bessing), J 1111
1112111111111111111111,1111111011111111111,1111111111
Η111111111, 11111111 1111111111 1111111111 1111111 111111 11111111,
111111 1111 1111 1111111111 1111111, 11111111111111 111111011111 111111 111-
1111111 11111, 1111111 111111111111 111 1111111111. 011111111111111111
1111111 111111111111 1111111 111111 111111 01111111 1111111111

, 11111,111111111111Β111111181111111118111111111,1111111111-

11111111111111111111. 1111111111111111111,111111111111 1111111
1111111111, 111 11111111 111111 go 11111111, 1111111 1 11111 1111111111 11-
111111 111. 1111 11111.

 

