358 11111111 1111111010111. 111463.

11111111110111111 1111οκνί11 101110 1011111, 1111111111 1111111111,
1 01101111 0111ον1 11011111 1 (1101111 11111111 1111111 1111111101, 111-
111111 11011110111101111111111111111, 1111101 01101011110 1 Τ1111111
1101111111, 1111111011 110111111110 (111 10111111111111111, 1111111111 Ρο11-
cy 111111011011 1111111111111101101180101111 1111111, 10101111
1 κν 110111 10111101 01 111 1110111111 101111 Το111κν) 111111111111101111
10011κν111Ρο111όκν 111011180101110 1111111111, 1011111 1111111111

1111111 1111111111 1101111111111110111. 1111111011 111, 1111111111111011 3

1111111 broni 1 1111101111 0111111111, 1111111111111110, 10111111 calogo

1
ν

1011111111111111101 1 111 1111111111 drugim 1011111111 1111011 11111- ¹

wary 1 1 1111111111 11111111 11111111 1 010011, 1011111111 1011110 10111111
1111111 111111 im 101101010.

111 11011110 walum Piotrkowskim 1κν11 11111111011101 11111111 111 0 11111110

1101110. 10111110101111111110111101011 111111 1111111 1111110111

1111111111, 2 1111111 01110111. 111110111111 11011111011101011111(

11111111111111111110111111, 1 11111οκνί 8111111111111 111111110111011011
1 1111111111 111101111110.

, 11801011,11110111111111, 1111101010111 1111111101110-
111, 1111111 1111 111111νί111 1111 1101111011 Ε11101111 11111011
111111111110 111111111111 κν 111111011 1 Β1111111, 1111111111111111

1101111 1111 1111111111 1111111111111111111111111111. 111111111110, 11

· 111111111111 1111011001111011-10111110 111111101 1111111111111

11 1111111. Β11 10011011 1111111111 na 11111111 Κο1111 1111 1 11111
1110111, 111111111νί Warszawskim i 1111011011111, 11111111111111
11101110 111011. Aleten 1011010111111111111111101111 Boglewskie·

1

1010111011111111111111110,11111111110(11110111101111111111 ,

11110110111110, 1111101111111111111111011011111110111111111,

11101111Ρ10111110, 10111111 111, ,1111111111110 [0110111111101101 1

,1011111101 111101101111111111111111111 111111 11011 111011 hyla 1111-
,1κκ1011.“ 1111111111111110 11110110111111 1110111 0111111110 11111111,
11111, ,11111111111111111 11110 1111111 11101011110101001111111, albo, 1111
,0111111111 101111111 1111111 101011 111 111111, 0111111011101111011,
,10111111 1111111111 11110111, 10111111111111 111111101111101 111111-
,111.“ 1111 gdy i 111111110111 11111110 10111111111 11011, 1 10111νί1
1111111101111111111, 10 1111111 10 111111 111111111111111101111111 1101111
1111111111, 0110110110 11οκν1 111111 101111111111110 1111110 111111. Drugie-
1111111111111,Κο11111111111 1 0111111111111, Κο1111οκνί (1111·

 

