 

-00000 0000000 0000 000000 0000 0000000000 00000 000300000οο0 0000000000
000 0000000 0000000000 [0000000000οᾶ 0000 (000000οᾶ 00000000 00 00 0000000000
000 0000000000 έ30000000000 0000000 000000 0300 00000000 00000 (0000000 0 000
-0000 ’0000000000 0000000000οε 00000 03000 0 00000000 00 0000000000 (0000000000
0 -sn ’0000000 (0000000 0000300 00000000 0 03000 00000000 0000003000 0 00 (0000
g 0000000 000000 000 00000030 00 00 0300000 0000000 0000000 00 (0000000000οῑ
0000000 30000000 000 00000 0000000 0000000 0000000000 0 00000000 00000 00
ι0000 0000000οΚ00 ί0000000 0300 0 0000000 0000000000 000 [00000 0000 ί00000 000
000 000 0000000 (00000000 -0 000000 0000000000 0 000 000000 ι0000000 [oms
0000000000 0 0000000οω0 ι03000010 00 0000000000 00000000000001 000000000οε 0 0
0000 00 0000000003 0 03 0000000 0000000000 0000000 0 0000000000 00000
00 ’0000000001 000 003 00000 0000001 03 000000 0000000 000000 0000000οᾰ 00
300 0000000000010 ζ0003001 00 0000000000 s 00 00000οᾶ0001 000000 0000000000
*0000003000 0000 0000000 00030 0 000000 000000 000 000030οᾶ 300000 0
00000000 00000 0000003000ηο 0001 00000000 0000000 (00000 00000 (0000000003
000 00000 00000000 000000 00 (00000000) 000000 000 000000 00000000
000000 0000000000 00000000 0 0 (00000000οᾱ 000 00 0000000 000000 (0000000000
00000 0000000000 030000 0000 0 000000000000 3000000000οῙ 0000000000 00000000
-od 00 0000000 0000 N 000 ι00000000 000 00 (000000 0 [0000000000001000 0 0000000
030000000000000οἆ 00000000 000 s 00000000000000 00 ι00000000 0000000000 00
0000000 0 {sq 03 00000 ι00000000 0300000003300 000000 0000000000
00000000 00000 00000000 0000000000 (00000 0000000000 00000 000000 00
-0000 0000000 00 0000000 0000 0000000 0 0 0000000000 00000 000000 00
0000000 ι00000000 0000 000000 00000000 0300000000000000 00000000 0 0000000 ,
-000 03000000000000 0000000000 00 00 0 300000000000000 0300000000 0
0030000 (0000οΗ 0 000οΟ ’03000000οοοῙ (00000000 00 0000 0000000000
0000 0300 0 (00000030 M 00 0000000 0000000000 0 00 (0000300000 000 00000
’030000000000000 000000 n 0300000000οῙ 0 0000000 0 (0000000 00
00000000 0000 00000 000 000000000000 (0000000000 00000000 0000000000 00000
-0000 ’00000000 00000000 03 00000 (0000010000 00030000 000000 (0000000000 00
0000000000 00000000 0000000000 000000 0000 0 00000 0000000 [000 0000000000
0000 0000 0 0000030000) 00000 f 0300000 0000000000 0000000000 0000000

0000003000 00 003000 0003000000 [osone 000000 0300000300ος 0000000000 0
‘mm 0003300 0 0000300 0000000000 0000000 00 (0000000000 0000000000300 00
0000000 n 300 0010000 0000003300 0000 [000000 ’0000000000 0 0000000001 0 ’000000
00 000000 0003300 0 ’000000000οι 000 03000000 000 ’0000000000 00000000 000

ῊΠ wipo] 1ΙθιῑΙ

ἭΖΟῌΟἿΊΉΙΝΒ zummzvx

 

