111111111 1111111111111. R. 1448.

nou 11111 me.

11111111 1111111111ουί 1111111111 11111111 1111111111111111111111111111111
1111111, 111111 1111111111 mu 11 111111 1111.

1111111111 1111 11111111111111111 Ρ11111111 1111111111 11111111,

1111111111111 111111111111111111 1111111 11111111 1111111111 11111111- ¹

111111,11111111111111811111111111, 1111111111111111,Νο1ο-
111111111111111111111111111111111111,11111111111111
11111111111111 111111 1111111 1 11111111111 go 111111111 111111111 Ρ11-

111111. 11111 1111111111 111 111111111 1111111111111, 11111111111111111
1111111111. 111111111111111Β1·111111, 1111111111 111111 1111 ¹

1111111. Ν1Ν11111111 111 1111111111 111111 11 1111111, 1111 1111111111
111111 11111111111. Tu 111111 111111111111 1111111 11111111 Zof ia, 111·

1111 Ρ11111, 11111111 1111111111111 111111111111 1 11111111, 11111111 ,
111111, 1111111 do 111111111 Polskiego 11111 11111111111111. 11111111 1
1111111111 1111111111111111 111111 111111 11111 11111111 111 1111- ³

kiego 1111111111 1111111, 11111111111111111111 111111 1111111.

11111 1111111111 11111111 11111 11111 111 111111 1111111111.

Po 11111111 1111111111111 1 1111111111 Ζ111111111111111111111,111-
111111111111111111111111111111111. 111111 11 Β1111111 111111-
111111, 1111111 11111 1111111, 1811111 11111111111111 Β1111101111
1111111 1111111111, 11111 1111111 11111 111111111111111111111111.
Τ1111111 111111111 11111, 1111111111111111111 1111111111, 11111111, 11-
1111111111 1111111111111111111 Polskiego 1111111111. Ζ 111111111
111111111111111111111111111(1111111111111111111, 111 111111-

1111 11111111, 11111111 1111111111, 1111111111 11111111-

111, 1111111· 111111111, 1111111, 11111111111 111111111 1111-
11111, 111 1 1111111 11111111 1111111111, 1111111 111111 Ρο-
1111111, 111 1 011111118111111111111, 11111111111111111
(111111)111111111,Ρ11110111111 1111111, Η11111Ρ1111-
111,11111111111, Ρ11111111 111111111118111111111111, Κ111-
11111Κ11111111111111111, Γ11111111Ρ1111111, 1111111111111,
111111 111111 11111, 11111111 1 1111111. Ζ 111111 111 1111111111 11111111
11111111111111111111111111 11111111111111, 111111111111111·

 

