416 1111111101 1101011010111. 101466. t

0110101101, 0011110111011010110101 1 10100011, 11101011 10 Ρο101ό11 0111111
1011110, 011 11111011 111010 10111101 111101010. 'Pa jednak, 0100101 101 rgubnr
i 101101111010 0100011, 110 1001101010 01010101 Ρο101ό11, 111111 101111 §lapi
i 1000010101, 11111011 1010010100, 1110011 sir 10 1101101010 01001 1100111100101.

1010111111110 0111118101011011, 1011011011111111 0111111110 11101110.

1111111001, 111100 011 110101 11110101101 01100011 w Starogrodr 10, 1011
101001 10111011 00101110 1001010111 1111111010 1110010 1110111010 0110101011,
11010111 3101011 1 0101110 101000101001, w 0101110, 1111 010 1111100111 1110 1100111
, rr 1000 Ρο1010111, 1111100 111001010, jak 01010 (11011100 111011 1110011
1110 011010, 1 1010110 1111011 1110011111 10111101001101011011, 1110 1111111110-
01010111001000111000, 0 0011001, w porro ciemnrj, wybrawszy 01011 1011110-
10101· 01010101, 101, 1010101010 011000100101 110 0001110011, 10010πί1011
1111010 1 001111 10101011 1101011111, 1 ι10110111, 0 1011011011 1 0011011110 Ul·
1110 110011011011, niegdy wielkie'go 10101110, 010100, 11111 jur 1110010
1 nimii srogir 1111101101 0111010110, 1010111 1 8101001011. razda 10
1110110110ὶο 1011110 0111101111, 011110 pobiegla do (11011110, 10100
11010011011000 5101001030 Ρο01011011000, 11111 ,111 111011110-
110101 010 do 011010111011110010. 1100101010100111010010 0011011111, 10111
Ηο11111 Ρ101011 1110 0110011011οηἱο 1031111101 11010101101011101010-
nach 10111111, 1010101 10 1010111110 101110111. 11001110101101110 0111111011
1100111100101010110111111001010, gdyby 10100110 0010101001111 1 011110-
1011111 puerili 010 1111111 103011. Ale i 1011010101ἱο Ρο1011111 01011011
11111 11110101010, 1 100 1011111010] 0101110 hoigar Κ111101ό11 110 (1011101010
Νο durgi 111011, 111001010110, 111111 110 0101011 sie 10101011011011101011011
(01111111 1101110111 01101101 1010011, 110 1111101001 11101010 1101001011, 11101 1Κ111-
1010111 1010111) 11111011 11110010 (1010110111 11011110110110, 1101110111
101011111011011011. ’10 0011110010 010, 01001010010100110 00010101010 1011001-
101010, 111010 0101011 0011111110 1100111011, (1011101010 10111011 1111 0110111101·
10101 sie innomi 1110101101111, 11101001010110001001101 10111011οῃ0 1101110.
Κο111010111111 Ρο1011, 0101101011 0 11111 (1011001οη10, 1110111 11101110
gdy 01011110100101010 pod Ohojnice, 0110010101 je 10110110 Bydgr
010110111101010110] Bogu (111011 w 10101010, 0 001111 10110110 1101011.
11110 1101110 stargard, 10010111011 01011 11110 111010 10 10101110 w 1110
1010, 0011010111 11 01101 (1010110111, 1100101 100001010110010111101111
01010111. Gry 11100 0100011 10101110 101 1100110 0001111, 1110010101-
1010110 0101011 111010 1101000111 1101010, 001110 111011101111 1101011011 1111-
100101 11101010100101101 . ·

 

