130 1181111611 11011110101111. n. 1453.

11101 1111111611 1160111116, 11111116 1811101110111111111 1 1011110011111110
1111011, 11111161οι0 1111011616 1101611116 1 0111111101 1610 1111111, 0101111111
111 00 101 1661001111 11110111.

W 8011011 11160 011611 S. wita 1101111611 1101111601111611 1 Par·
, 010116, 11161 Lublin, Κ111111811, 80160, 0100110, 1111111 00
Ρ10111011 na 1610116011111 11010 116111, w 1116011611 6101160 S. ,1110
⁸ Ghrzciciela. Ρ1111110161 101116 11101010 Zof ia, 1161661, 16101161011661116
116101011601161 11011116. Tam 01161610 11111100 61111111, w 110161 166110-

1161611110 1111116116 111011 101011111116 816 00 1011161016116 1161 110101-
11011, 1 16110116 1111101116 000111610.. 8108011116 00 1610 101001116116, 11011·
11610 sie 011601016 11611 1011161016116. 10101 10816011811 80116 01160 16061
00 16111811, 0061606111 ,16 111161 81011001 1110168111 011111610111161011,

,61611110 1101 Ρο18111, 116161 1161111 ksiaze Litewski; 0101610 11111016
,1011101016111 116 010116 sie 11861 1116111111 1811116161] 1111606111, 6111
„sie 1161061101 0011111160 1111811016, 1101181110001111111111111011; 6110,
,1601111111 811 116106111001181016110 011111 1116111610 1181111616 111160-
,6111610, 160110 1111116061 0161 1 brata 1111616111 1611118161011811-
,11016 1111111.1 ’10 016160016116 11016, 01100161 10611610 811 16 10101 811-
8116, 10116 11011 1111161 1011116111010, poznano, 16 11600110 1601116 1111111
101601. Ζ601011 1011161010 1100116, ,6111010116161161101610116, 10110 81110-
,01116 1610110 11010111 1 1101601110, 08160161106 11011611 1611000 1110010·
,11111011 1 1116111111, 1 100161 110106 1011 0010161161 111611 1111161016-
,11611 00111610, 6181016116111 81080111 1100111 1616160 0 101116101611611611
,1010111011.“ Ρ160 011 1160011610 160 11101611 18111611 1601, 1811116181011
1681016 0161611611, 016 16110110. [1001161116 8111 11011611 0011016101116101
1161601 1 10101116, 1608111611 11010162011612011116116101181, 11610-
1611181111101610111110 110001 1 1611011, 616 1611111610 11010 116 110111
111111 1116161160. (101 11110 0816111 1111616 111 16011616, 18118010116111-
1611110110111611610000 1 11118111 1161161 1110611 1160111061011161. 2101010
101011 rade i 1111111610 8161811111 16101, ,0011 w 16111161161110011111811-Ι “
,1161 11160011 10181601161 01111016161010.“ 016110111111111610106116, ,611
,1001610 Κ6111116111 11016 00 111001, 111011601160 mu 10811816161110,
,1 111610 01160 111011.“ 1118161610, 101 ta 1606, 6011011161( 1116116111, 10116
sie 1611016811 1 1111 11111111, 108161011010 0010110 11 1681016 00 01181. 1111
160 16111161 11001116181111 1011118161 11611 11101011 1010161111 11161610
0100111 1161116016116 116011 1111101161, 1001161116 sie rada 16 0016 011001 16-
010 1010 1101116 8161811116, 011116 81110110111008111111611. 0001101001
116116 110016 10111616, 11011 11811101 11111611, 8161011111 ,611 1161101,

 

