11462. 1111111111 1111111111111. 319

gdy 1111111111 111 111111 11111111111 1111111111 11111111111111,
1111111111 1111111111111111, 1111111, 1 8111111 (1111 11111111 1111111111
1111111 1111111111 11111111111111. 111111 1111111111 11 (11111111 111-
111, 1111111111 811111111111111, 111111111111111111111111111 11111
1111111, 1111111 1111 1111 111111111 11111111 11111 11111111, 1111, 11 mu
1111 1111111 11111111 11111111. Ζ11111 11111111111 111111111 111111111
11111111. 1111111 jego 111111111111111 1111111111 1111111 111111111

11 nim 11111111, Ρ111111 1 Β111111, 1111111 1 11111111 11111 (1111111-
111111 1111111111 11111111. 1111111· 1111111111111Κ111111111 1111Ρ11-
111 111111 111111 do nich 11111, 1111 do 11111 11111111 11111111· 11111111,
1111111111, Β1111111,111111, 1111111 Β11111111, 111111111-
11111111111 1 11111111111111 111111111,1111111111111111111111111
1 1111111111 1111111111, 111111 1 1111111111 1111111. 1111111 1111, 11111111
111111111111111, 1111111111, 111111111111111 11111111111111111.
111111111111110111111111111111111 1111111111, 11111111Ι 11111-
111101111111111111111111111, 1111Κ111111111111111111111111
011111111111,111111111111111111111 1111111111111 111111-
eia, 1111111111 1111111 11111111111111111. ci 1111111 1111111111 11111111
11111111111. 81111111111111 Β1111111, 11111111111111111111 01111-
1111, 11111111 1 111111111111111111, 11111111 1111 1111111111
111111111111111111111111 i 11111111 01111111111, 1111111111 111-
11111111, 1111111111111111111111 1111111111111, 1 111· 111111, 1111111111
1111111111 1111111111 1111111 Β11111 1111111111 (1111111111, 11111111
1 1111111111111111111 ΙΙ 11111 1111111111 1111111111, 1111111111-
1111111111 11111 11 1111· 111 11111111, 1111111 do 11111 Κ1111111111
11111111 11111 111111, 1111 to: (1111111111 1 1111111111, 11111111-
11111Β11111111,111111111111111 1 (11111111111, 1111111 Β1·
1111111111, 111111111111111111111111111111111, 181111111111
11111111111, 111111 111111 1111 11111111 111111 1111111 1111111111-
1111111. 111111111111111111111111111 1111 1111111111111, 11111
11111111111111 111111111111 Β1111. 1111111 111111 111111 11111111 111111·
111, u 1111111Ρ11111111111 Ρ11111 111111 111111111111111 111111111
1111111111. 1111 111111111111111 1111111 Κ111111111ο11 1 111111111 ,111-
11111 1 111111111111111 111111, 1 111111 111111 111 1111111111 1111111111
1111111 11111111 11111111 11111 11111111111111111111111, 11111111
11111111111111Ρ1111111Κ11111111,1111111111111111111111-
111111111111111. 111 11111111111111 111 111111, 11 1111111111, 11 111111·
111 111111 111 11111 1111111111 11111111 1111111111 11111111 11111 1111111111
111111Ι 11111111 im 111111111111 1111111 1111111111, 111111111111111, usu·
1111 1111111111, 1111111111111 11111 11111111 1111111111 1111111111111

 

