16 0000000000. 0. 1446.

Po 0100οο010 prm 1010100ἰο [nimium 00110 01100100, Palm 00
001010 valum 1100100011ιο 0110010 1101001000 1010100101000010011000 101100
1010110.

(110 010 00001001100010010010001011 11001010000 101010010101100-

011000, 0000011 00 0000011101] 0100 1001100100 Ρο1000 00 00010 Ρ1010- ’

11000101, 0000000000 00 Ν10101010 0000010 postu, aby 010 00101οο10, 101
00001010, 0000101011 0000000101 0001010ιο 0010000 000000 10110. zjechali 010
0 01011100· 1100110 0001001 1 0000010, 100000110001001110 Ρο1010, 1011010
0010000010 0 0000010 001000, 0100001010] 1 0000011101 010100 0101010000. Ρο
10101010100101000000010010, 0010001111 0000000 0000010011 10 0101001 1 10-
10001 0001000000οο 0010000. 11010. 00110010 10 00001010 1 0000000100101010-
00 0101001οο00 0001010, 01010001011010000010, 010 po odprawieniu 100001.
00000 0001101000 11010101010111000, 0000000 10101001 1 0000010 00101
0 0010 0010001000οο 01000101 0000001000 01001011 80110100010110000. 11000-

10100, 1010011010100101001000 0010000 01001000110000, 1111000010 arcy· ³

biskup 1101010100011 01000110 010110 000000100οἰ0 00101010100, 0111-
01001 1 0000010 0000010000011001010101001010 Ρο0011000. Pomm 0 010110
101, 0 0010101000 0100000101οἰ 0010000 00001100)7 10 1010 001001, 0000000011
0000 010010, 01010010 00010100 00010110 1 00010, 110000 0011011010] 0110-
010110101000001 00100, 01000000 0000010011 00100101. Ρ100100000011100 00-

010000 010 001100, „azyli 0100010000, 010001000010101001οΚ001010000 “

,1 0001001010 1000 0101000, 01000 ju& do wyboru 000000 10010 0000010011,
,00011 101 0000011 1000000 10 10001 1001010010 0000101οο 0 0000100, 010 0000-

, ,1010001010110010οΡ01011000.“ Ρο010100000100001]0011001000,0000- =
,010011 10 0000] 0101001, 01010000100 Jej 00010001 1 0000010001 0000010- ¹

,001 1001010010 110010110000 10 010010010 0001 0100010101 1 000000011010.“
Przewidywano bowiem, jak 010000000011010 01010, 10 1001010010 Κο011010000
010 101100 01010000 0000, 0 1110101 00 00010001 10 00 1000 0000 101010 0110-
1000, 0101 001010 00010 00110101 1 10 0001010000ἰο 010 0000101010. Ten

100101010010101 01010000Ι 000101 00001010, 010010 11 01000010 0011000100·
0001000000 000000001010100001010, 01010 101001( 01010010, 001000, 10

0 01000 000010 0001100οό 00010 0001101 1 0011010010 0010100 00100000 1

0 0010000001, 01100010ογ01 010 0 0001000010 000101] 0100001010. 1111001000,
00 0100100 0101000101 0001000010οο 0000010011 10 01011001. Ζο0011 10 0000101·
01000 11010101010101 1111000010, 00010010]οο 01010 1010101 1111100001]
1101000011, 10100100 0110001010 0 10110010, 0000001100000101001, 01101
000011 1010100 nimi 0001000010. 11100001]1000100100100010100 001-

00011οΒ000101000110, 101 110 00011100· 1000 000100000101, 11100 010 ju&

 

