660 ¹ 1111011010 1001011010010. 0 1480.

0110000, 1101100000 (10111101 10010, 00100011. 1101010011 0011011 0000110111
001110011101001011100, 0100010011ιο 00111000 0101100, 1 000001101
1101001111011010001. 1111010100· 10101 01100 010101010101101101001
00011001110011101 00100101, 111110010 im 0011110 11111 1011001001
1010011 0010110, 11110 01 100010 10 011010 1 000111101οἰ 10101010111010-
011000 0110100101.

*Op—u·-

Kilka 011000101101 1110101001.

Po dlugiej i ustawicznej 01100, 00 01010111101 1111111011 1010001101,
a 110010 00010011101 1 0101111101, 11110 00100100011001 00100000 1100111101

1100000 0010 10100, 00 10101010 1010111001 0110101001, 010101 00101110, Ν
01000 010 10110 0 00100 00010010, 101 001111 00111101 01110101 1 0101001 0010 '

(1000 001 (10 01010, 10 (1010101101οο 11000 0100000 111011; 11110 1010 011-
0001100, 100000Ι (1110111010 Pana Boga i 0010110 101100 00000100, 011011
1 1101011110 100101 011101 1 110100101001, (1110] 00100011, 110100 00 10, 10
jak na 000101101001 10100 0101010101010, 0111 010 0010100 01100 010 01110-
(1010;0010110110110101100010101011110, mam 100100 100000 0110000010,
10 0101111000 10011 mogo dosnuje 010 00101. 10101101111000100000 (10000-
(1100 01010, 11110 10011010 1001101οἰ 0101001 0110όο 111100010; 01011000-
1001 1110001111100101 0101, 1 0110100010 0010 0010101000, 01010 010 ku 11-
0101001, 1 (10101110 1011 010000000 000010010, 00100 0110101, 10 0111100
0110010000100111100 1011110101, 1 1 101100101οἱ1 Boskiego 0010101 10110 j
0100011 01010101οζ 11110 0101000 1111000 00100101001100101110110010110· '
nego, 10110100000111101 10101001 010011Ι 01000000 0001011100101. 11010000
101, 0111010110 000001010111010, 10 010 00100110 0001 01010010 110
111110 0001 0000110 1 0100001001(οε 00 0 01101 110010 01110 01101101000,
00110101000000; 0110011000 011010 0011011, 1 01100001 1010010001
01010100 (10000110, 0011010 00111100 01010100, 1 1110 0 010001 0000010011
110101101 1 10100001, 0110100100] 00101001100 010101. 1100010 010 (110010
0111010100, 00 001100 10 011010. Β110110 0010011101, 1111001 010 (1001010
0 (111111 010000· 000111 1100101010 00010010010, 110 0001010111 10000 11010
1 00100100011 0110111. 101011 101 1010110 1101 111010 00 01001001οθ00 1 010101
01101010 00001011110000, 10100111 0110 (111010 0010 im 010 001 1010 00010
100 010011100 1 0100111000 0100110· 0101100110010, 1 0110100110 010101-
10101001011. W 111110 1001001 00101010110101110101011011010110, 11101010

 

