-99 99999 ᾖ9999999 999 999999 9 9999999999 99) 99999990 99999 9 999399(6
9399 9999999991 99 999999 9999999 off ι999999 999999 ᾖ999999 999 999 How
99999 999 9 99999991 9999 9 9999999999999 op 99999999 999 9999999999 ([99999“
999) 9999999 izo-,Ka 999 99 off 9999999 9999 9999999999999 9999999999 99999
9991 op 9 9999999999 9999999999 999 999999 99999999 9999999 9993 9999 ,pulos
-99999 9999991 9 999) 99999999 9999 999993 9999999999 99999 999 99999(
-of 99999999 9999999999 9999999 999999999999999999 99999999 9 9 ’9999999999
999 od 9999 9999999 9399 od 9999999) 999 ,99999999 M ofioqslod 99999“
999 999 9939999999) 99999 9999999 9999999 9 99999 99999999 99999999 0p“
99 9999999999)οᾶ Amos quff ι[9999999999 9993999999 (9999999999 9
9999999991 9999 999 999999 ί9999999 99999 9999999199 999999999999999 ι999
9999999999 99999999 9399999 99999 9999999999) 99 ’9999999999 99999999 99 90
Ι(9999999 9999999999 999999 9 (99999999) 9999 999999 99999999 [99999
-999 599999999999999 9993999 ι9999999999 99999999 4999999999
99999999 9999999 ι93999999999999 9 999999ς 9 [9999999 99 99999 (93
-999 9999999 939999 9 9399999 99999999 99999999 ’2999999999 9 99999999 9
*93999999999999 999999999999 99999 9999 (9999999999 9999999 999993
-999 9999999999 9 99999999 ι9399999999 9 99999999 9 9999999
ι9999999999 9 9999999999 9999999999 ί9999999999 9 9999999οῶ 9
999 ί9399999999) 9999999999 9999999999 3999999999 9999999999 ι99 999
-vs *9999999 99999999 99999999 99999999 99999999 9999999 9 9999999999
op 99999991 ι99999999) 99 (9999999999 99999999 93993999) 99999 999999

9999999199 ρ99999999 m!
9999) tuum 99 99 ‘mozo 899999 9999999999 9999999999 mmmm 99999999
’9999999999 ozano? 9999 9999999991 99999999 9999999999 op Romo 99999999

’9999999 02
9999999999] 999999 ι99999999 99 9 (9999999 99999 99999999 ί[9999999999999 9999
99999919 99999999 99 (9999999999 9999 999 9999999 (9999999999 99999991 99999
,9999999 9999999 9999999199 9599 9999999999 99999999 999999 9999999 9 9999ᾶ“
-9991919999999 99999999 9999999 9999 9999999999 9999999 9999999999 9“
9999999999 999399 99999 99999 999999 9999999 9991 9999999999] op 99“ (9999999
999999 ι999999999999999999197999999 9999 99999 9999199 99999 9999999999 Ku
-999 9 9999999 9999999 [9999 99 99999999399999999199) 999 9 9999999999999999 {vs
-mcls 9999999 ι99999999 999 9999999999 9999999999 99999 99999999999999999
9999999999 ξ9999999999999 9999999 99 939999999999999 99999999 9999999999
9ἓ9999999 M 9999999991 9 (9999999999 9999999999 9 9999999 9999999999
-odo 9999991 999999 ez ’93999999939999 99999 9999999999 ι9999999999 ’ς

'691⁷1'fl 9999999999999 9999999999 809

 

