1. 1467. 1111111111 1101111010111. 415

110, Rufi i 1101011010, 01011011 1011011110· 111010101; 110110 po 001111
1101001110, 1 111011010110 1111110111 111001010111110010, 110101 1100100110,
10110 1001111010, 1111111011 01011110 011010010110. 1011001111 1101011110·
1101 111011, 11010 110 11111110 1001011110, 0101111111010,10111011101 10
11111011, 10101101010111110100110 11011010, 11111111 sam 010111111011
11010, 0110110101001111101101111. Ρ1101 0011 101 10111011 011111111001-
1101011; 11110 11111111 1011110101010110, 101101 1101110 1111110111, 10-
1111011101001010 11010111 101011, 11010 10110010 01 10 postu 1110111010, 110-
11010 111011 Βο1 110111 011 1111101100 1 1011101110 1111101111. 1111001101101
101111110111 do 0110110110 110111 11101101, 1 11111 010001110101010
11011 11011011110011101 1110111011 1110111 10111011 1101011 01111 1111
0011111 11011 101 111110011011 10111, 1 0011010101101111001011011, 10 11111
111 11010011 01001111 1011 nio 010101110 011, 111010111001010 10111010. Do
1010 1111011111 010 11001010 1 101 1110101, 10 0111011011 1111110 011010 101
11101011 1110110110 801111, 1010101100 1101101, 00101110101101 1111111
1011111, 1101011110 1011010111, 1111011110 1111111101 1 0101011001.

111011110 110 Ρο10101, 010 1 110 01001101 1011111111 0101010
101 101 1101011011 1 trouu 1011010 Ρο11011010 11010 0100110·
10 11101 1011010 Ρο1110 ΙΙ. Κ1011 10111011 10010 poznano 11110101010 011,
00 1101 10111 1010101110 010101 1111110, 101 01010 0 1101111111 11101010

1111οἰ110, 11010 01111 010010 101010011 101011111101 10 111111101ἰο 111011
1110101101,.1110101010111 101 1111 01111011101111ος 11001011 101101
101101 II 1110 111111001010111001010 [111111001011111101101οΡ0110-
1101111010, 1110 1000110, 01110111110110101 11010101101, 000110111011
01001011, 1010 1011011011, 1100111101 100110101011010110111, 1101010
11011 01111111 1 001111 1010101101 11101 10110010001101010 110010110-
11011110110111101 1011 1001010101111 1001011101.

m 11111111 mv.

111111 111 1101111 111111 111, 10 11 1010 11011 11111 10110111 1111 11110
1111011 11111111.

111110100110 1101111 01111 11011010 10010011 1 1101010111 110101
Ρ1101101, 0111010110 1110101 110110 01 1101001110 101011010 0110·
11101, 1 111111010110 Ρ110 10 Polski. Βο1010 11110 10 1011011, 1011010·
0110 10101110 01011010 1110101111 1 1011111010 01 1011111101 111011 110-
101011. ’10101 010101111111 1010111 1 010110 1 0110101 0101010011011, 10 0011 110

010 011110111011110110011110101 0101101101 w 10111 1010111 a 0101111001οι

 

