61461. 1111111111 1161111616111. . 297

6166161616616116 116 16611 61116ε 1661111 Prusaoy spiesznie 11111611,
6 6611611616 1116616 1 161161 116166 66161611116 1661616 61 6111616116.
Pomm wojsko 1111616116, 16111166161616 po 1611116111 1 1116616611 w 61616161
116161Ρ116, 1161111616 116 6161111 166166, p0d (1661111166 J ana Skal-
skiego (1166116, 1161 1 1111161616111 6616161616 16 6161116111 16116111
11616] Ι8611116 (Ζ611161111), 6661611666661616666111616 11616 111661
1111161, 1616161111 1161116 11116166 161161 111166· 11616616.

11111166· 1661611111 611111611666 6666116111 w 1111111116 1116161616
1111616116161111 161116.

Kjody Κ611111611 1111 Ρ61611 1161116161 616 16 66616116 Ρ11-
611161,11611111116616616111, 1161161 616111161611161116616
wypadek, 1111611611)1 1166161616111 Κ161616111116611611116, 6661111116
1111666161616111, (11161616116611116 1666111 11616616. 11116 16111611
61661661666111666, 1601161161, rycerz 1161611116161116] 1 1661616,
1616116161616Κ16116166 6116116116, 16 mu 1661611666111 1616116 116
1666161161 16 6166 1 w 1166116161 11161, opryskliwego w 6166116111 1616116111
1611611161161161161. skrzywdzony 61611611 66116611616116116611166

16161611, 16 od 16111616 166161611666 616116 by} 661116. Agdy
116661111611166, przed domem 11111616 ja Κ1111616, 611116 1161161616
616 1161111616 111111 1116111111, 6661161 go 1611166· 1661611611 1161
111116161611 Κ111161611 1 1161161611 Κ661116611, 16166111 Κ16-

1616111111, 1 11116111 161611 111661161. 11166616 1116111616 16 11666
1611611611 0 616 6611616, 1611161161 616 1616, 616161 1661616116111, ,16
1161111616616] 1611661“; 11611116 1116616161 1611616, 11611 61 161111 611116-
1116 16111616 611611666 616611. 1611116 j 1661611611 116 111661 6616111161
16611 6616161611, 16161 66116161 1116116166, 1 6611 11611161611116111
6161116616161611116] go 6111. 0 61111 gdy rzeczony Κ1611616 61611611
161661161161616616116Μ11116] Kridlar i Walter Kesling dali
111116161661, 1116166616 16 16 1616 61111616, 1 1616666 1616611 (1611161111
6116166111661611, gdy 11161116 1161116111116111 1 661611 111611 1116661111 66161
1161616 1161616161 6161611161, 6161611 6161161616 166616161161166161 16-
6616116116. Pozamykawszy 6166 jak najmocniej wszystkie bramy 1116616,
6611661111611661611611 0 1111 do 11111666] 1116616166· 1111111616 1111616666
w 161161 611111661611661666 61166161, ,61611611 61161611 1161616 616 uspo-
111116116116116, 16 66116 1611111111 661616 16166111ιι (111 1611611 pora
1616611116, bo godzina (1111116616 111166 (1661611116). 1611116161 odpowie-
111666116661161 1166116, 1616616166111611 166161 111611 16666166611, 111-
1. unam. 166. 1611616111 ³8

 

