1. 1462. 1111111111 11011111101111. 1 331

,101011 1111110101111111 1 1101111111. Ρ11111101Ι 11011010 11111 1111111110-
,111 H, 101 1111111101 111 11011111, 1110110111 101111111011 11101110 111
,1110111111 101011Ι 10111011 111111111111 1111011 Ρο11110111 110-
,1011111 111101 1101101111, 1111110111, 11111111111111111111,
,1111111 1111011001101.“ 111001111101110111111 1111111011 1111111011·
11010, 1101101 111111, 111 0111101011101111111111811111110110-
ra, 110111 ,10 11111110 Ρο1101 110 11011 1111111110 1111011101 011111
,11111111 110 110111011011111111111011001101 od 10110101 111101 11111
,1111110111 110 11011111 ,111 1111010 1111110110 111111111.“ 1111111
1101011111 0110110111 11011111 111101 1 01101Ι 11110, 11011011 1011101101 11011
,10 11110110101 11111101 1111 111 11101101101111 11011111, 111111101111
,110 1111101, 1011111110 111101100110 1111011111 1 11101111111011 111-
,10111101110111 811101111010111 1111011, 11110111· Boglewski 1010-
1011 11111111111 1 11110111 10110111 1111111011 11110110011010
11111111 01111111 11110011111111011 101111 11111 1111101101111, 11111101 110111
»110101101110 1111111 111111 11111, 1111010 1111 poddanymi.“ 111111 11-
1111,111111010111 110010011101 111111 111010111101 (11111011 1110111
111011 1111001110. 11001 11111110101111010 110 11111110, 10111111 111111
1010110011 1111 1 0111 11011 11111111 1101111111 111 1111011 11110
111111, 1111101· 1111111111 0111111111, 11001 1111111101· 11111111 110111-

1011111, 11111111111 11111 11111111111 110101 11100011011, 011 1111 1111011 ,

1110110111 1111011 1110001111, 1 gdyby 10 110 10110111, od 111011 jego 11-
111111 11110111 0111011110. 8111110111, 1 11011111 1101101101110111 Κο1111111
1111111011 1110110011010, 11111110111111 11110011 1101111110111110111
1 11111110, 11111111 111111 1 jego 1100111101] 1111111111 1111111 11111
0111. 11011 gdy Konrad ani 0101111010 111 111101 11101 1011010011111110
11111111111110, 1111111110 111101101011 1111011111, 11111 111111011010
1111011111 1111111 11101 1111101011, 1111111 11111110 1100110 1111111111
1111011Ρο11110111 1 1110110, 1111110111 11110111111101111 1010 110111-
danie. 11110 110011101 10111111 1111110111 11010110111010 11101111
1110111011110110111011, 111 1010 111011, 1111111 1111110111 1101111101
111111, mog} i 010111 1111101111 11101101111011, 1110111111 11111011 110010-
11111111 1111111110, 1111011 010111111101· 1 11101110 11110101; 11101110110
1101101010 111 1101110 111001, 110111 01111101111011110111 11111110. Drugi 1 11111-
111011110101111011111110 Ρ110110, Κο1111111111111 1111110101110-
111, 1111111110111111111111011 110101· 1111011111, 1111110, 10111110·
1111111111011111011, 1111111011111111011110111100110111, 110 po·
1101110111 1111111, 101111111111110011111111111010, 1 10111011111 11101110
11111011111110111 11111111, 01100111 10110111, 1111101111 011 1111011111-

11101111110111101 01011110111 11010111 1 (11110111 11111111 10101010111; 11111-
' annam. 1111110111. ιι. m. 41

 

