-111111111111111111 3333 . (11111111111111111 11111111 (131111 11111111 11111
11111111111113 ‘333333033 1111111111 11111111 11111111 1111111111 1111113111 1
111111111111113 11111 111111111111111111 op 11111 1111111111 111111113111
1111111111 11111 11111111 1 111111 ί11111111 13111111113111111111111
-1111113111111111111111 1 1111111 1111111111οᾶ ’1111111111 111111111111 ‘33333

g -111111111111111111111111 111111 11 1111111111 11111111 1 ι11111111111111111111111

11111 1131111 1111 1111111 111111 111111 11111111111111111111111113 1111111111 11

-111111111111111111111111 11111οᾶ 111111111111111 1111111 11111111 1 11111111

3 11111111 11111111111311111111111 1111111111 1111311111 111111111111111111

“ 11111111111111111111111 11111111111111 ι11111111 111111 1111111111 11111

3 1111111111 1311111111111 11111111) 1111) 1111111111111 1111111111 1311111 111111

3 111111111111111 *11111111 1111111111 111111 11111 11111111 11111 1111111111
1111111111 11111 1 ι111111 [11111111 11111111111111111 1111111111 op 3 3333333

3 -11111111111111 11111111 1111311111 1111111 έ11111111111111 11113111 111 [11111 11111

3 1111111111111111 ι11111111 111111 111111 111111111111 1111111111οᾶ 11111

3 111111111111111111 1111111 11111111 111111 *11111111111111111111111111

(1111111111 ι111111111111111111111111111 ι11111111111111111111 1111111111

11111111 11111 111111 [1131111 3 333333'2 1111113111 111111111111111 ι111

3 -11111111111111111111 1111111 111 1111111111 ’111111 111 111111 1111111 ‘333

⁴ -111111 ⁷33 1111111111 1111 ‘33 033333333 3331333 1 11111111 1111 11111111 ‘303333'

1111111 11111111 11111111 11111 1111111111 11 1111 ‘33 1111111111 (1111111111 111
-11111111111111111111111111 11111111 1 3² 111111111111111 ι11111111) 1111111 ί1111
1111111 1111111111) (1111111111 11111 (1111111111 111111111111111111 33
-111111111111111111111 11111111 1111111111 1111111 3 1111111111 1111111111 1 311

-1111 1111 [111111 ,,·111111111 1111111111 1111111 1111111111 1111111111113“
-1111 11 111111111111111 111111 11111111 11111111 1111 111111 11111 ί1111111 1111111
1111111 1 111111 1111111111 11111111 1111 11111111 ι1111111 11111111 [11111 11“
11311111111111 1111111111 111111111 11111111111111111 ξ11111111111111111111
1111111 1111 11111111 ί111111 1111111 [111 1111111311 ι1111111111111111111111 111111
1111111111 ι1111111111111111 3 33333133333 20313 11111111111111111
111113 33 ι111111111111111111 1111 ι111111 11111111 11111111111111111111
1111111 111111 1111111111 1111111111 13111111111111 111111 (1111111 11 61111111111
1111111111111111111111111111111 ‘1113333133333'33331333 11111111 111 1111111111 1
3 333333 11111111 11111 ι11111111 Ι111111111111111111111111 1111111111111111
131111 111111 11111111 11111111 111 ι1111111111111111111111111111111111111
3 1111 1111111111111111111 111111111111111111 3 11111111111111111111 (1111111111
-111111111111 1111111111 11111111 (131111 1111111111 1111111111 ι111111) 1111111111
1111111111 11111111 111111111111)1311111111 11111111 11111111 113 13111) 1311111
111] 1111111111 1111111111 1 111 1111111111 111111111111111 1111111 11111

11111111 111111 1111111111 1111111111 1111111111 (1111111 11111111 11111111 ι1111111111
3
3
3
3
3
3

ἰ ‘3931 Ἢ 111111111111111 1111111111 333

 

